["'"]: [(22, 0.7757062691218964), (35, 0.224274459551962)]
["''"]: [(35, 0.9999830362981023)]
["'.'"]: [(49, 0.4231454762414657), (30, 0.40670673905200294), (18, 0.013674083164151167)]
["'<us>'"]: [(32, 0.02562353230732032), (39, 0.023595933700313147), (20, 0.023017655977404457), (33, 0.0230099521880381), (28, 0.022654139422149687), (24, 0.022650515403276863), (48, 0.0225622502748282), (49, 0.022463906010557262), (46, 0.02215001571597935), (47, 0.0219310548836349), (1, 0.02186451077589087), (15, 0.021497179007420753), (12, 0.021165973291721634), (11, 0.021151566017810017), (9, 0.021036720666476414), (44, 0.02085372684897097), (7, 0.020683965305408284), (4, 0.02065264229952226), (5, 0.020476238690071362), (23, 0.02040212569198684), (41, 0.020381188024277328), (2, 0.020250966341774736), (14, 0.020110875906501173), (17, 0.019968211749768195), (13, 0.019960517756875712), (38, 0.019680935710094112), (6, 0.019648927782403434), (31, 0.019540293857523778), (29, 0.019530996675355912), (25, 0.01944907444882006), (16, 0.019425793862577426), (45, 0.019412153331908388), (22, 0.019322473049750107), (26, 0.019139697456761483), (42, 0.019119786827337417), (40, 0.018612902365269104), (43, 0.018514171871160372), (30, 0.018243636588263286), (0, 0.018229231644513694), (21, 0.018120972281061992), (36, 0.01807846353024273), (3, 0.017877481437530006), (27, 0.01785072777954425), (34, 0.017830420863363936), (37, 0.017535171526368045), (8, 0.01741140912200305), (19, 0.017299737838023736), (10, 0.016800851127179526), (35, 0.016787914150384775), (18, 0.016421410614580648)]
["'Baer"]: [(46, 0.5310785961047033), (1, 0.21883531217635285), (20, 0.10664805599110534), (35, 0.0868592514474834), (45, 0.030219067621122347), (22, 0.02635285948889231)]
["'Baer'"]: [(35, 0.769948999827108), (46, 0.16315495720205847), (44, 0.04387868185130962), (19, 0.02298790020801307)]
["'Benda'"]: [(34, 0.3252932020897791), (35, 0.32370411737873434), (22, 0.15888632582564333), (7, 0.09579875599800165), (8, 0.09565348440608999)]
["'Berger'"]: [(35, 0.3073777261432996), (38, 0.14545808466342), (19, 0.10209628831760506), (36, 0.08265944429786715), (22, 0.055586508277919465), (30, 0.05061550154803611), (23, 0.049425994507007215), (0, 0.04886808956608445), (5, 0.04075198147546448), (44, 0.02906932942289661), (4, 0.024669957660672072), (37, 0.01752556697043294), (31, 0.01634892745138803), (14, 0.014293440586218325)]
["'Britz"]: [(45, 0.698792528667063), (49, 0.1660317155232855), (22, 0.10512351512858824), (34, 0.01383535511187555), (24, 0.01375543061455155)]
["'Britz'"]: [(34, 0.7569007092663392), (35, 0.17503100162771135), (22, 0.03094337527253986), (40, 0.013931454701533152)]
["'Bro'"]: [(48, 0.9830681884350362)]
["'Broß"]: [(22, 0.9999039401106424)]
["'Broß'"]: [(22, 0.8086930543568109), (1, 0.11834454197414157), (43, 0.07296031367201752)]
["'Bryde"]: [(1, 0.6142547457177104), (49, 0.21220527530705957), (22, 0.17352312507912593)]
["'Bryde'"]: [(35, 0.4821128945917753), (34, 0.44486140333587965), (22, 0.055759017465539906), (20, 0.010556309943912573)]
["'Böckenförde'"]: [(46, 0.9999569392692977)]
["'Böhmer'"]: [(7, 0.8381064224333689), (34, 0.12203759985998933), (9, 0.024792764794646316)]
["'Christ"]: [(1, 0.7742463310545261), (22, 0.09217256165540581), (45, 0.0920970487691856), (20, 0.04136655777211756)]
["'Christ'"]: [(35, 0.5946343129169197), (22, 0.19941674120671682), (30, 0.04752973320806009), (49, 0.047478085377967966), (17, 0.04134729264126746), (47, 0.03092602808548368), (48, 0.02128665114313942), (36, 0.013277306532908205)]
["'DiFabio"]: [(36, 0.9999726817196726)]
["'DiFabio'"]: [(35, 0.9999671022889027)]
["'Di\\xa0Fabio"]: [(35, 0.998655039690629)]
["'Di\\xa0Fabio'"]: [(44, 0.3990052253626997), (46, 0.29154984271625495), (34, 0.18144658975481762), (36, 0.10324753814767049), (45, 0.024746293962230114)]
["'Dieterich'"]: [(49, 0.6997133966705491), (35, 0.30022033517481495)]
["'Drath'"]: [(4, 0.9986173101739023)]
["'Eichberger"]: [(45, 0.5343970291097616), (46, 0.28979413977604285), (1, 0.17553149437608775)]
["'Eichberger'"]: [(35, 0.7558694169185958), (46, 0.2177181296061945), (30, 0.026409384342515795)]
["'Ellinghaus'"]: [(36, 0.9635787163713979)]
["'Faller'"]: [(35, 0.984706497480612)]
["'Federer"]: [(13, 0.5081554300225445), (8, 0.43078350793967224)]
["'Friesenhahn'"]: [(48, 0.94074621984072)]
["'Fröhlich'"]: [(43, 0.9414330863886577)]
["'Gaier"]: [(1, 0.4045239064741533), (46, 0.24424771210708263), (45, 0.20127319335613483), (30, 0.1469963279057963)]
["'Gaier'"]: [(49, 0.36165404797446377), (35, 0.29391295551586116), (1, 0.1850019811269479), (46, 0.12000080398782617), (30, 0.0394286058055037)]
["'Geiger'"]: [(33, 0.940541175662567)]
["'Gerhard"]: [(37, 0.687394838778392), (4, 0.21473439669658864), (30, 0.04176484463700052)]
["'Gerhardt"]: [(20, 0.6771190983469014), (22, 0.2713194531015862), (35, 0.02581604214585718), (4, 0.01335543272694191), (48, 0.01090711388563758)]
["'Gerhardt'"]: [(22, 0.6183217697110712), (20, 0.37276970986001073)]
["'Graßhof"]: [(22, 0.9950991737724018)]
["'Graßhof'"]: [(49, 0.9999913074243955)]
["'Grimm"]: [(13, 0.6771596512885073), (9, 0.24725879033252998), (23, 0.0532130248253249)]
["'Grimm'"]: [(49, 0.9999922298166948)]
["'H.-J.Rinck'"]: [(22, 0.14166037197012307), (49, 0.11177210314078441), (16, 0.09494881253925984), (14, 0.08037805663553978), (28, 0.06758850476918286), (34, 0.05123557027955802), (39, 0.04503513493367289), (7, 0.03192853627507797), (10, 0.03125336677805906), (3, 0.02776857146758403), (6, 0.02422858913840621), (47, 0.023410903649505693), (35, 0.022649043435595314), (41, 0.021356841467733523), (2, 0.020668952491724263), (33, 0.018028177587632623), (9, 0.017899214697666033), (37, 0.015787720733968155), (25, 0.014754580201108834), (13, 0.014529606990342375), (46, 0.013918986878266296), (36, 0.012297477066959555), (12, 0.012116209101387483), (11, 0.011910589765277783), (8, 0.011885368409511335), (0, 0.010830440531092533)]
["'Haas"]: [(34, 0.9997982797027717)]
["'Haas'"]: [(35, 0.9980620498994276)]
["'Harbarth'"]: [(35, 0.8020980058037968), (49, 0.13155201277189957), (45, 0.03683155478671257), (19, 0.011688239655971764)]
["'Hasseme"]: [(49, 0.9745445450247606)]
["'Hassemer"]: [(22, 0.9999658435691886)]
["'Hassemer'"]: [(35, 0.524461188557125), (36, 0.4755356340128899)]
["'Heck'"]: [(22, 0.30142062543436887), (5, 0.1952774071041185), (20, 0.16887694715171106), (35, 0.16222609560132603), (46, 0.129677261531231), (36, 0.02467268085755396), (17, 0.01604356435632172)]
["'Heiland'"]: [(35, 0.9989917584185808)]
["'Henneka'"]: [(12, 0.9388803380705094)]
["'Henschel'"]: [(35, 0.9999675588178666)]
["'Hentschel'"]: [(27, 0.3140919847775757), (44, 0.1366046537231253), (42, 0.12067199801773557), (22, 0.10640326673237101), (34, 0.10432451972375227), (33, 0.0640437804896889), (35, 0.0501543538161172), (0, 0.02982118331360148), (9, 0.029202046720917883), (19, 0.01893888774094897), (12, 0.014661470144412617)]
["'Hermanns"]: [(49, 0.31372718009297873), (35, 0.27894273955687926), (22, 0.20903019881865473), (46, 0.1495778753843488), (34, 0.04870455309391222)]
["'Hermanns'"]: [(49, 0.5793166646164166), (14, 0.27068334938532235), (36, 0.14120302133046186)]
["'Herrmanns'"]: [(14, 0.5158609047844419), (19, 0.13479273308170678), (44, 0.07199279879755409), (39, 0.06485111567185917), (34, 0.054852802227385845), (15, 0.025453995722306916), (27, 0.024906604517677813), (43, 0.021382378478176815), (13, 0.01572364205442493)]
["'Herzog'"]: [(49, 0.7215690971914112), (35, 0.27814709041714875)]
["'Hesse'"]: [(32, 0.29280412248725846), (3, 0.25173396164729467), (17, 0.1933021425079298), (7, 0.16629160723852382), (37, 0.09519977067853151)]
["'Heußner'"]: [(0, 0.10566521341246635), (2, 0.08712050976196542), (1, 0.0808981658965614), (40, 0.0710802578553068), (18, 0.058065514179907844), (46, 0.052320306046903395), (21, 0.04826314051194838), (44, 0.04168491438672145), (23, 0.03956743385026454), (9, 0.03947345871494074), (8, 0.039373281316341976), (47, 0.035926746204757005), (27, 0.029340460347221195), (13, 0.024553452544323777), (36, 0.02298086180553203), (22, 0.019332125239368753), (4, 0.019279422290414825), (20, 0.018693814155841513), (7, 0.017412982001341826), (38, 0.017083332106698084), (35, 0.01691597738417481), (10, 0.01677701904190904), (48, 0.014068778344984911), (42, 0.012646027620676936), (17, 0.010144135646973067)]
["'Hmig'"]: [(0, 0.01999999999999999), (1, 0.01999999999999999), (2, 0.01999999999999999), (3, 0.01999999999999999), (4, 0.01999999999999999), (5, 0.01999999999999999), (6, 0.01999999999999999), (7, 0.01999999999999999), (8, 0.01999999999999999), (9, 0.01999999999999999), (10, 0.01999999999999999), (11, 0.01999999999999999), (12, 0.01999999999999999), (13, 0.01999999999999999), (14, 0.01999999999999999), (15, 0.01999999999999999), (16, 0.01999999999999999), (17, 0.01999999999999999), (18, 0.01999999999999999), (19, 0.01999999999999999), (20, 0.01999999999999999), (21, 0.01999999999999999), (22, 0.01999999999999999), (23, 0.01999999999999999), (24, 0.01999999999999999), (25, 0.01999999999999999), (26, 0.01999999999999999), (27, 0.01999999999999999), (28, 0.01999999999999999), (29, 0.01999999999999999), (30, 0.01999999999999999), (31, 0.01999999999999999), (32, 0.01999999999999999), (33, 0.01999999999999999), (34, 0.01999999999999999), (35, 0.01999999999999999), (36, 0.01999999999999999), (37, 0.01999999999999999), (38, 0.01999999999999999), (39, 0.01999999999999999), (40, 0.01999999999999999), (41, 0.01999999999999999), (42, 0.01999999999999999), (43, 0.01999999999999999), (44, 0.01999999999999999), (45, 0.01999999999999999), (46, 0.01999999999999999), (47, 0.01999999999999999), (48, 0.01999999999999999), (49, 0.01999999999999999)]
["'Hoffmann-Riem"]: [(1, 0.8335668176179784), (22, 0.12726181552265262), (4, 0.0391665502390285)]
["'Hoffmann-Riem'"]: [(22, 0.5536824745500125), (34, 0.44630098310078037)]
["'Hohmann-Dennhard"]: [(0, 0.01999999999999999), (1, 0.01999999999999999), (2, 0.01999999999999999), (3, 0.01999999999999999), (4, 0.01999999999999999), (5, 0.01999999999999999), (6, 0.01999999999999999), (7, 0.01999999999999999), (8, 0.01999999999999999), (9, 0.01999999999999999), (10, 0.01999999999999999), (11, 0.01999999999999999), (12, 0.01999999999999999), (13, 0.01999999999999999), (14, 0.01999999999999999), (15, 0.01999999999999999), (16, 0.01999999999999999), (17, 0.01999999999999999), (18, 0.01999999999999999), (19, 0.01999999999999999), (20, 0.01999999999999999), (21, 0.01999999999999999), (22, 0.01999999999999999), (23, 0.01999999999999999), (24, 0.01999999999999999), (25, 0.01999999999999999), (26, 0.01999999999999999), (27, 0.01999999999999999), (28, 0.01999999999999999), (29, 0.01999999999999999), (30, 0.01999999999999999), (31, 0.01999999999999999), (32, 0.01999999999999999), (33, 0.01999999999999999), (34, 0.01999999999999999), (35, 0.01999999999999999), (36, 0.01999999999999999), (37, 0.01999999999999999), (38, 0.01999999999999999), (39, 0.01999999999999999), (40, 0.01999999999999999), (41, 0.01999999999999999), (42, 0.01999999999999999), (43, 0.01999999999999999), (44, 0.01999999999999999), (45, 0.01999999999999999), (46, 0.01999999999999999), (47, 0.01999999999999999), (48, 0.01999999999999999), (49, 0.01999999999999999)]
["'Hohmann-Dennhardt"]: [(45, 0.9072513611127675), (34, 0.0927293254201711)]
["'Hohmann-Dennhardt'"]: [(35, 0.7450628841807422), (34, 0.25279083614364983)]
["'Huber"]: [(20, 0.518358287624712), (1, 0.24537507649280987), (35, 0.09055153894677241), (45, 0.05823807119328654), (44, 0.05184348938508785), (19, 0.02980154765685406)]
["'Huber'"]: [(35, 0.6626508986155795), (46, 0.15869103617438704), (20, 0.07882786614031757), (30, 0.06833149024527325), (19, 0.031494318893823585)]
["'Härtel"]: [(49, 0.4049268660830562), (1, 0.28205944308221226), (46, 0.16223629438164525), (45, 0.11442331257426404), (25, 0.01643239219597169), (38, 0.01126670839999383)]
["'Hömig"]: [(46, 0.9995220007114246)]
["'Hömig'"]: [(22, 0.5076030199218706), (35, 0.4923875839106268)]
["'Höpker-Aschoff'"]: [(33, 0.9616276301942678)]
["'Jaeger"]: [(9, 0.5021015351264301), (7, 0.35626052783623097), (26, 0.14151803539411284)]
["'Jaeger'"]: [(46, 0.9996894145160096)]
["'Jentsch"]: [(45, 0.9996099236094727)]
["'Jentsch'"]: [(49, 0.9999889535599942)]
["'Jentsch;'"]: [(0, 0.01999999999999999), (1, 0.01999999999999999), (2, 0.01999999999999999), (3, 0.01999999999999999), (4, 0.01999999999999999), (5, 0.01999999999999999), (6, 0.01999999999999999), (7, 0.01999999999999999), (8, 0.01999999999999999), (9, 0.01999999999999999), (10, 0.01999999999999999), (11, 0.01999999999999999), (12, 0.01999999999999999), (13, 0.01999999999999999), (14, 0.01999999999999999), (15, 0.01999999999999999), (16, 0.01999999999999999), (17, 0.01999999999999999), (18, 0.01999999999999999), (19, 0.01999999999999999), (20, 0.01999999999999999), (21, 0.01999999999999999), (22, 0.01999999999999999), (23, 0.01999999999999999), (24, 0.01999999999999999), (25, 0.01999999999999999), (26, 0.01999999999999999), (27, 0.01999999999999999), (28, 0.01999999999999999), (29, 0.01999999999999999), (30, 0.01999999999999999), (31, 0.01999999999999999), (32, 0.01999999999999999), (33, 0.01999999999999999), (34, 0.01999999999999999), (35, 0.01999999999999999), (36, 0.01999999999999999), (37, 0.01999999999999999), (38, 0.01999999999999999), (39, 0.01999999999999999), (40, 0.01999999999999999), (41, 0.01999999999999999), (42, 0.01999999999999999), (43, 0.01999999999999999), (44, 0.01999999999999999), (45, 0.01999999999999999), (46, 0.01999999999999999), (47, 0.01999999999999999), (48, 0.01999999999999999), (49, 0.01999999999999999)]
["'Jäger'"]: [(27, 0.2905044615263445), (49, 0.13213508482687006), (6, 0.11539209324743495), (9, 0.11008713470187294), (29, 0.09005341184200275), (18, 0.06043377074393236), (35, 0.044634718283871735), (4, 0.035444105569284776), (3, 0.03213344493929672), (48, 0.02346729517181507), (31, 0.022941021188041706), (20, 0.014976115388132104), (34, 0.012197820661292547), (47, 0.011139170112257617)]
["'Katz'"]: [(9, 0.9414504626127124)]
["'Katzenstein"]: [(7, 0.9048329354079777), (21, 0.07984528597727213)]
["'Katzenstein'"]: [(18, 0.12354678898287455), (0, 0.11975854025775594), (1, 0.07236908847910652), (40, 0.0672690828220763), (21, 0.05907775117228566), (2, 0.053480002626789445), (8, 0.04515149491858644), (44, 0.03819870430413818), (13, 0.035399244427167936), (46, 0.03494089203899356), (35, 0.03483495643494737), (4, 0.03262775509345046), (10, 0.0322688982200227), (3, 0.021094025136937974), (23, 0.019447972844755645), (26, 0.01828694487638407), (38, 0.0171064342805019), (22, 0.017008273390821185), (25, 0.016190094291119537), (47, 0.013875140937518241), (36, 0.01322133679062887), (49, 0.012502235522797073), (32, 0.012484092259855225), (20, 0.011751436350889372), (15, 0.011401873234282494), (27, 0.010823909990920921)]
["'Kessal-Wulf"]: [(49, 0.966846744444045), (44, 0.03303769775408665)]
["'Kessal-Wulf'"]: [(49, 0.3897521489602667), (44, 0.25279494130311464), (45, 0.13965075989441061), (36, 0.11276653000038861), (22, 0.101957791085975)]
["'Kessal-Wulff"]: [(20, 0.8688004390989116), (25, 0.1017835624877286)]
["'Kessal-Wulff'"]: [(35, 0.3711235753035345), (45, 0.19058354586216084), (46, 0.18441242897889892), (33, 0.06887602527909008), (4, 0.03016642470902475)]
["'Khling'"]: [(0, 0.01999999999999999), (1, 0.01999999999999999), (2, 0.01999999999999999), (3, 0.01999999999999999), (4, 0.01999999999999999), (5, 0.01999999999999999), (6, 0.01999999999999999), (7, 0.01999999999999999), (8, 0.01999999999999999), (9, 0.01999999999999999), (10, 0.01999999999999999), (11, 0.01999999999999999), (12, 0.01999999999999999), (13, 0.01999999999999999), (14, 0.01999999999999999), (15, 0.01999999999999999), (16, 0.01999999999999999), (17, 0.01999999999999999), (18, 0.01999999999999999), (19, 0.01999999999999999), (20, 0.01999999999999999), (21, 0.01999999999999999), (22, 0.01999999999999999), (23, 0.01999999999999999), (24, 0.01999999999999999), (25, 0.01999999999999999), (26, 0.01999999999999999), (27, 0.01999999999999999), (28, 0.01999999999999999), (29, 0.01999999999999999), (30, 0.01999999999999999), (31, 0.01999999999999999), (32, 0.01999999999999999), (33, 0.01999999999999999), (34, 0.01999999999999999), (35, 0.01999999999999999), (36, 0.01999999999999999), (37, 0.01999999999999999), (38, 0.01999999999999999), (39, 0.01999999999999999), (40, 0.01999999999999999), (41, 0.01999999999999999), (42, 0.01999999999999999), (43, 0.01999999999999999), (44, 0.01999999999999999), (45, 0.01999999999999999), (46, 0.01999999999999999), (47, 0.01999999999999999), (48, 0.01999999999999999), (49, 0.01999999999999999)]
["'Kirchhof"]: [(45, 0.6990159842454348), (22, 0.300937657221834)]
["'Kirchhof'"]: [(35, 0.3515693395759727), (1, 0.3163345726879473), (49, 0.2537525128045878), (18, 0.07833954037316969)]
["'Klaas'"]: [(35, 0.9404098815315513)]
["'Klein'"]: [(49, 0.99995401096932)]
["'Kruis"]: [(43, 0.999418365998937)]
["'Kruis'"]: [(49, 0.9999611358909087)]
["'König"]: [(22, 0.8308392499895071), (26, 0.09726808002767576), (1, 0.02956585306553013), (48, 0.02446413120063776), (20, 0.014247457182495149)]
["'König'"]: [(49, 0.662871970151425), (36, 0.30035011045246474), (39, 0.03676522267755345)]
["'Kühling"]: [(49, 0.505371168381101), (9, 0.2850761316509569), (18, 0.20903810826795036)]
["'Kühling'"]: [(22, 0.9999894951629947)]
["'Landau"]: [(22, 0.496448393752466), (35, 0.3847081817268873), (49, 0.10907050320491725)]
["'Landau'"]: [(20, 0.4342430895938744), (22, 0.3750255066488963), (35, 0.16834465604126958), (33, 0.018036340881857377)]
["'Langenfeld"]: [(22, 0.6173757842578975), (45, 0.18081838485465873), (35, 0.06925899878010602), (25, 0.04685108851979276), (46, 0.041996144454885406), (30, 0.016878348612419544), (43, 0.01150931238069696)]
["'Langenfeld'"]: [(44, 0.410523511423805), (49, 0.3433743538225977), (35, 0.23891899931025518)]
["'Lehmann"]: [(49, 0.6308235060924555), (15, 0.22484937931135993), (21, 0.06648128563512597), (6, 0.05375563498515359), (32, 0.014631456674735407)]
["'Lehmann'"]: [(47, 0.961994823465641)]
["'Leuser'"]: [(22, 0.9414703073934679)]
["'Limbach'"]: [(20, 0.9999703370220968)]
["'Lübbe-Woff"]: [(44, 0.5055828531384441), (30, 0.12002619841886779), (1, 0.029739615370920517), (13, 0.010035698937328117)]
["'Lübbe-Woff'"]: [(13, 0.026589734695880468), (35, 0.024204256840295143), (33, 0.02405013981103141), (4, 0.02225842889459448), (1, 0.02221187338765248), (38, 0.022022033615468204), (31, 0.021950344089917438), (11, 0.021893849291514885), (7, 0.02167306705955901), (8, 0.021586096947630053), (25, 0.021570850134833865), (16, 0.021462575451293913), (14, 0.021342355055961264), (26, 0.021281122241634386), (24, 0.021051540043623713), (23, 0.021022790416024083), (20, 0.020878797131487593), (32, 0.020865974260638184), (41, 0.020690999871435863), (39, 0.02065456737847118), (21, 0.02058998950875419), (27, 0.020294124896137602), (47, 0.02024712146586279), (40, 0.019856518921140317), (42, 0.019825504443853618), (0, 0.019707096295602647), (9, 0.019611369445006986), (17, 0.019440979610828166), (36, 0.019425372253914205), (10, 0.019355530459463133), (29, 0.01919737182715281), (19, 0.01912005102646328), (43, 0.01890120184748049), (18, 0.018837070189648343), (45, 0.01870356734075107), (30, 0.018630623218783938), (46, 0.018449615134639802), (37, 0.018365186605777725), (49, 0.018359905817944507), (44, 0.01835894597651235), (48, 0.018248106293534915), (6, 0.018097443511941605), (3, 0.018001312156895335), (22, 0.01781468202130797), (34, 0.01764336602046173), (5, 0.017514613660812757), (15, 0.017334939023156446), (2, 0.0172043077409126), (28, 0.016910745512752033), (12, 0.016691941153558806)]
["'Lübbe-Wolff"]: [(22, 0.8382624357487934), (43, 0.16013131268069142)]
["'Lübbe-Wolff'"]: [(49, 0.9101708554415722), (44, 0.08982357482735707)]
["'Mahrenholz'"]: [(22, 0.6587965475776473), (49, 0.3409658003795236)]
["'Maidowski"]: [(22, 0.7185315083168509), (25, 0.1711831571104163), (45, 0.09764284983144185), (33, 0.012631658451458373)]
["'Maidowski'"]: [(1, 0.6996744591906389), (49, 0.21841557477242055), (44, 0.07486042354644429)]
["'Masing"]: [(1, 0.5284317028351482), (22, 0.1932881296910882), (45, 0.1804273249482343), (20, 0.09783565284129978)]
["'Masing'"]: [(49, 0.8078233160670647), (25, 0.07443178672514933), (4, 0.03749250804096571), (30, 0.029274738724868216), (19, 0.025965448435310914), (39, 0.016120210361228553)]
["'Mellinghoff"]: [(22, 0.5118799716487926), (46, 0.3747349842181565), (1, 0.0633435864293274), (25, 0.050021939573375036)]
["'Mellinghoff'"]: [(35, 0.5213018328727438), (22, 0.4786910323505436)]
["'Mitwirkung'"]: [(19, 0.03959624430459793), (36, 0.024996312562661587), (38, 0.024567223820660553), (26, 0.02374039545622554), (45, 0.02322300999488724), (20, 0.022925020294526567), (49, 0.022706619769763597), (41, 0.022579017579354713), (42, 0.022564321878621996), (2, 0.022522508984390708), (14, 0.02244858610440788), (23, 0.022011011840072047), (34, 0.021565537765255254), (16, 0.020573642161641245), (35, 0.02055088775348338), (22, 0.02044942394034372), (40, 0.020350553312681107), (9, 0.020088601003151022), (11, 0.019984809082621832), (43, 0.01996005326501655), (8, 0.019791563359765375), (0, 0.019782348784913455), (25, 0.01944206696853587), (4, 0.019335260965247833), (33, 0.019216128443775935), (32, 0.019170736389116583), (24, 0.019145067150098775), (21, 0.019050253584665375), (44, 0.019048423561231306), (10, 0.019037375109528305), (46, 0.019016725819419548), (1, 0.018933876381390467), (47, 0.0188959157561651), (30, 0.018858388958953705), (12, 0.018646154036887148), (39, 0.018521239188787984), (6, 0.01823412515523809), (28, 0.01801809101306034), (13, 0.01765897488730153), (29, 0.01758254866785663), (37, 0.017573119138874913), (3, 0.017504737853766085), (15, 0.017263651248092718), (18, 0.016952383271431046), (27, 0.016663952831558238), (7, 0.016622426099303908), (5, 0.016232340370201524), (48, 0.016092955439394957), (31, 0.01601152077063891), (17, 0.014293867920433983)]
["'Müller"]: [(35, 0.41343726073038395), (20, 0.4052709537308141), (22, 0.14282905553550182), (25, 0.018895324213356757), (1, 0.014692338631971537)]
["'Müller'"]: [(20, 0.5925489909827978), (44, 0.27865056186974857), (35, 0.09971980207499487), (34, 0.029074640248441103)]
["'Niebler'"]: [(22, 0.16012035697517188), (49, 0.0866143625517937), (34, 0.07325697492969697), (28, 0.06266850854455357), (39, 0.05653865812363476), (8, 0.05147509080509504), (16, 0.04419909813801928), (14, 0.039536807686546264), (25, 0.03196737918474752), (20, 0.02893135834050078), (44, 0.027868742889089283), (10, 0.02724012507964936), (35, 0.02585773414812404), (9, 0.024707213693612364), (46, 0.024015600222933576), (41, 0.023908279512060898), (36, 0.023450375756365254), (24, 0.018506807720314367), (11, 0.01822910286141858), (37, 0.017807316644330322), (47, 0.016401005214991587), (12, 0.015836466811065087), (13, 0.014547981173764357), (1, 0.012908808986723874), (2, 0.012732492048263691), (43, 0.010579058186333909), (21, 0.010074756843393913)]
["'Niedermaier"]: [(44, 0.08088076111844457), (23, 0.07607432086948034), (18, 0.06551756396924578), (2, 0.04889849743428515), (21, 0.044112703031011134), (11, 0.04397504599452428), (19, 0.04247327559880984), (26, 0.04193657064215095), (13, 0.038557514669580954), (9, 0.03450965912797877), (1, 0.03424832854240451), (0, 0.033964958015244684), (40, 0.0321804876966661), (4, 0.03178840387950145), (47, 0.028917586912287664), (30, 0.02751004221004169), (22, 0.02658093359566867), (16, 0.023868593711400616), (8, 0.022469275463412278), (7, 0.022175759454859657), (34, 0.021963155600825505), (27, 0.021868958451356887), (3, 0.021132595256777655), (46, 0.018481166659614873), (25, 0.018469137458382707), (17, 0.01368374791925004), (15, 0.013263287839175898), (14, 0.01293310463267326), (49, 0.012473856002754587), (35, 0.012258422643029438), (39, 0.010771645237783215)]
["'Niemeyer'"]: [(2, 0.09871622309003603), (8, 0.08842108248667127), (0, 0.0865644514153097), (23, 0.07767614249837797), (1, 0.05184705882301762), (34, 0.051003949003597636), (18, 0.047613118353798646), (16, 0.046836581455191865), (26, 0.03740288942711866), (21, 0.03513530967999839), (49, 0.034607880382679916), (28, 0.03277905269981804), (46, 0.031403754671140316), (7, 0.029815212359069084), (22, 0.025767874572627667), (39, 0.023748735354001356), (19, 0.021573975154957657), (15, 0.01847433418812877), (13, 0.016856305547145515), (35, 0.01582585872416351), (25, 0.0156363130412798), (36, 0.015004039044964787), (44, 0.013993743759734707), (40, 0.012677124563582965), (38, 0.01000190236855699)]
["'Osterloh"]: [(22, 0.9710061382633265), (1, 0.02889668446525337)]
["'Osterloh'"]: [(44, 0.41160010795446544), (20, 0.3284716285191884), (49, 0.212572705050639), (4, 0.04734545307992629)]
["'Ott"]: [(1, 0.7359352911292011), (22, 0.1907082566631273), (47, 0.0509661059878935)]
["'Ott'"]: [(35, 0.42999662738040556), (49, 0.21366149088694134), (4, 0.21343931629644075), (39, 0.054767611755440204), (46, 0.04320430514637836), (30, 0.030771531294480552), (36, 0.01408567120746856)]
["'Papier'"]: [(35, 0.5599494384439061), (36, 0.23865121018846017), (4, 0.1275452434983495), (34, 0.07336920843214695)]
["'Paulus"]: [(1, 0.6939270256180714), (22, 0.20379466444538805), (20, 0.05156605766031172), (45, 0.02412593164481926), (35, 0.012363534558196929), (48, 0.012032966525264865)]
["'Paulus'"]: [(35, 0.3915647783451752), (36, 0.3107277736516062), (22, 0.16977468981600521), (34, 0.108926297073958), (24, 0.01900006550895841)]
["'Radtke"]: [(45, 0.6382875744023492), (1, 0.2311314856958046), (20, 0.10406556476167456), (35, 0.026450391657352464)]
["'Radtke'"]: [(35, 0.36437032727855695), (49, 0.15598801506118914), (27, 0.12642524478892314), (30, 0.06019879684542628), (40, 0.05422095554707739), (31, 0.03377730274616909), (19, 0.02438827967316628), (33, 0.022953424180049968), (11, 0.02191342795345949), (29, 0.020983651853712326), (13, 0.020064839990314602), (47, 0.016725064297475563), (21, 0.014305643239172904), (44, 0.012418673792014868), (0, 0.011268839031183121)]
["'Rinck'"]: [(49, 0.1413762006234265), (34, 0.12370543418914628), (14, 0.10297971866488988), (39, 0.05648920355674021), (28, 0.05198854565053144), (10, 0.048266963275514656), (16, 0.04299278266898124), (8, 0.04004480167752864), (3, 0.03251021607506802), (46, 0.028296189109362355), (7, 0.027988311643380313), (6, 0.026971158468839365), (5, 0.024505870830024007), (2, 0.02390212545678114), (22, 0.021365690312106136), (13, 0.021342260269606124), (41, 0.020143278051498223), (24, 0.018216660422267536), (12, 0.018143175561706543), (35, 0.016927920098785645), (21, 0.015498528694610117), (37, 0.014924774734259084), (23, 0.01319658607453647), (1, 0.012229664379900789), (33, 0.012018769486341474), (44, 0.010985099671401075)]
["'Ritterspach"]: [(28, 0.3512299533118565), (36, 0.17106755943150276), (34, 0.12875033369845712), (29, 0.07133515690378048), (2, 0.06202109841788968), (35, 0.05940659454705615), (49, 0.05918034148608111), (12, 0.03676574089780418), (4, 0.03567316492225049), (41, 0.021182672293251974)]
["'Ritterspach'"]: [(23, 0.7395285558780103), (7, 0.25711661659801305)]
["'Roediger'"]: [(16, 0.7182214029774039), (15, 0.22190628276884383)]
["'Rottmann"]: [(22, 0.16683155534166513), (49, 0.12294192628357838), (28, 0.10390988623136446), (39, 0.08561251308332354), (34, 0.07259553955176729), (10, 0.043526779480356007), (8, 0.03426009881381357), (16, 0.03193272168648035), (14, 0.031767227381094304), (2, 0.03082927536188028), (41, 0.023345132973680172), (47, 0.022788814469976916), (1, 0.022531551667221435), (21, 0.02064816264892451), (20, 0.019568191826489847), (3, 0.015751418875712193), (23, 0.014981066138367152), (5, 0.014455366754331523), (44, 0.013862660205168355), (13, 0.013210571159267517), (24, 0.01317121685859225), (36, 0.0119096820053301), (9, 0.010380237192393315)]
["'Rottmann'"]: [(22, 0.18028229805910886), (49, 0.1214772308637771), (14, 0.0934860704966058), (34, 0.07039208213940874), (28, 0.06400367602119676), (39, 0.052858438477049824), (16, 0.042137539258972165), (2, 0.03815028809280559), (8, 0.035357215526843414), (3, 0.031454143159171194), (13, 0.025986978700297453), (46, 0.025767226990365235), (10, 0.023943815842836346), (41, 0.02276979499427892), (25, 0.02245471149042588), (43, 0.020492242450089012), (9, 0.017127610660806463), (5, 0.01236382332002572), (7, 0.011993540916620084), (24, 0.010260771140845273)]
["'Rupp'"]: [(49, 0.9418106895570876)]
["'Scheffler'"]: [(33, 0.9120392891213713), (16, 0.08660469468904516)]
["'Schluckebier"]: [(35, 0.6098034992475874), (46, 0.34823010839456237), (45, 0.04196152372504222)]
["'Schluckebier'"]: [(46, 0.7253788094058866), (35, 0.2746183113024488)]
["'Scholtissek'"]: [(33, 0.532830846308992), (9, 0.40382326913225125), (16, 0.06201409689248842)]
["'Seibert"]: [(35, 0.8259457183642703), (49, 0.17386425737983263)]
["'Seibert'"]: [(20, 0.9976317559491434)]
["'Seidl"]: [(43, 0.9995601518485531)]
["'Seidl'"]: [(49, 0.9999543001837592)]
["'Simon'"]: [(35, 0.7107251556258577), (7, 0.09504482625400196), (39, 0.08638279958756902), (22, 0.058750790089826116), (9, 0.04843251254354802)]
["'Sommer"]: [(36, 0.9986206968338106)]
["'Sommer'"]: [(49, 0.9999950625372773)]
["'Stein'"]: [(4, 0.8803811399870327), (11, 0.11826433646146414)]
["'Steinberger'"]: [(22, 0.15331438106130083), (34, 0.12565151684719708), (49, 0.12544674823353372), (28, 0.07348208389136318), (14, 0.061866143685747076), (39, 0.031904883768956414), (3, 0.02962834396703151), (10, 0.029491878581706987), (47, 0.029474873783439322), (2, 0.029415391476631927), (12, 0.029077338668055706), (46, 0.027624246134632813), (8, 0.02710544363455671), (41, 0.026369247926163523), (6, 0.025095253565473902), (1, 0.02102641644319711), (23, 0.02023936299690701), (9, 0.02004032962273271), (36, 0.016598224893487386), (5, 0.012375095109640166), (0, 0.011064312789480354), (43, 0.010519107584321341), (44, 0.010034037988085201)]
["'Steiner"]: [(4, 0.9999355668500091)]
["'Steiner'"]: [(35, 0.807820936880116), (4, 0.14226636157269923), (22, 0.049781515566834314)]
["'Söllner'"]: [(49, 0.9133116365280325), (35, 0.08665633374926507)]
["'Träger'"]: [(49, 0.11166711377265194), (14, 0.09472148096333242), (34, 0.08972417026547486), (22, 0.08591082149700169), (16, 0.06047015586689255), (2, 0.055039653618164826), (28, 0.053317506785257866), (39, 0.03781600491441765), (9, 0.03497834147377919), (23, 0.02957237260862867), (10, 0.027939344512630884), (6, 0.026844423072430644), (20, 0.026032459335607362), (35, 0.02309318356048699), (0, 0.022397730708939776), (21, 0.021949309972737027), (3, 0.020928522050750673), (5, 0.020515056345797405), (44, 0.019069514285828804), (37, 0.018743635708175343), (8, 0.01772735700236298), (1, 0.016549002253685028), (7, 0.012044957879497819), (25, 0.011929185863970211), (36, 0.011655497328641809), (47, 0.010461499427678014), (46, 0.010382463862553988)]
["'Vosskuhle'"]: [(36, 0.7536976396173218)]
["'Voßkuhle'"]: [(1, 0.37565947205600037), (44, 0.24228544347845662), (36, 0.14075839172575988), (20, 0.09664653806859044), (46, 0.09449923004501701), (43, 0.033388729689963155), (34, 0.016740794177744805)]
["'Wallrabensein"]: [(36, 0.5426849769006119), (14, 0.10865631224105668), (46, 0.08142116368609001), (38, 0.01721090422745522), (44, 0.01635187850825976)]
["'Wallrabenstein"]: [(22, 0.5864211445000371), (14, 0.22095194653173178), (44, 0.1382762962166842), (36, 0.04845762021006149)]
["'Wallrabenstein'"]: [(14, 0.6621237317509254), (1, 0.14105445001678377), (39, 0.03112576257301946), (13, 0.012053519255547523)]
["'Wand'"]: [(22, 0.20190040364463638), (34, 0.14061414349403004), (49, 0.07907208909963505), (39, 0.06507602627181157), (14, 0.046498131133411225), (10, 0.042263464289954526), (9, 0.04002544894425674), (25, 0.03702309755439429), (16, 0.03545810890606817), (20, 0.0343107202422577), (2, 0.030073717359387894), (41, 0.029138387818559295), (28, 0.026991630290642606), (12, 0.023028393958283537), (23, 0.019964384602105548), (6, 0.0190364631010869), (8, 0.01853297324043991), (46, 0.01783875550979566), (13, 0.012876017956628022), (3, 0.0122712099529546), (7, 0.011250024581027012), (36, 0.010793288277123064)]
["'Wessel'"]: [(4, 0.9966137432356661)]
["'Winter"]: [(49, 0.5822432082352252), (25, 0.41761143388598093)]
["'Winter'"]: [(22, 0.9999261153797782)]
["'Wintrich'"]: [(6, 0.4975903431567668), (40, 0.4580786555796052), (20, 0.029035494242312068)]
["'Wolff'"]: [(44, 0.9412713242357071)]
["'Zeidler'"]: [(22, 0.13872623434512568), (49, 0.10314472938407651), (8, 0.10074972211680067), (34, 0.08891454890641091), (14, 0.08834656390078421), (10, 0.06616072942224648), (16, 0.06174424195461652), (28, 0.047909833815515224), (9, 0.03414004814798852), (12, 0.03142656350702977), (6, 0.025855660593092297), (2, 0.02148493433637786), (7, 0.01879865879271698), (41, 0.016428510780708526), (25, 0.015286037797461285), (21, 0.014605512948255003), (24, 0.012733072690070315), (46, 0.01115925818289576), (20, 0.011065695180753527), (44, 0.010694145813243596), (39, 0.010478001168502674), (23, 0.010472101274970497)]
["'Zweigert"]: [(35, 0.9618883164707981)]
["'gerichts'"]: [(1, 0.6908735483385652), (36, 0.0862982597159139)]
["'unter'"]: [(19, 0.0513295869819293), (38, 0.026106614386914438), (20, 0.025470499411930265), (44, 0.023341549324355414), (22, 0.023158985627038095), (43, 0.02261016761401504), (49, 0.022429424495198066), (26, 0.021889563422300456), (1, 0.021433509476638184), (35, 0.021204330978340943), (27, 0.02102991479578714), (47, 0.020983365825192286), (17, 0.020930159882142613), (30, 0.020662998952372873), (18, 0.020602542979297492), (2, 0.02020887218974976), (36, 0.020122847486284276), (11, 0.020019808711460103), (33, 0.019704753035761743), (37, 0.01965181598758814), (39, 0.019632623951842915), (42, 0.019604693385951992), (3, 0.019556612330178285), (21, 0.0194520657104128), (25, 0.019342753958513786), (14, 0.019315253811769035), (41, 0.019055298374287058), (48, 0.019003513530616793), (45, 0.01885671780743794), (28, 0.018845071392839686), (10, 0.018652065608517978), (46, 0.018604505396738094), (12, 0.01857981278060704), (16, 0.018560179204570537), (6, 0.01834508012729002), (40, 0.018209137385567432), (9, 0.018186603007891454), (13, 0.018140750571409275), (24, 0.017866365211191365), (32, 0.017057292101963967), (4, 0.016964968232031107), (31, 0.016875023018664326), (34, 0.016767152188235386), (0, 0.016715086208727626), (8, 0.01664964338527262), (7, 0.016520955853316144), (29, 0.016244807620253994), (5, 0.0161167231592657), (23, 0.015545535394146678), (15, 0.013842397726192552)]
['']: [(49, 0.6606699939444902), (35, 0.20117895327843738), (22, 0.1381439369182133)]
