["'"]: [(182, 0.5382301488734453), (165, 0.3813969371908249), (35, 0.0792714149359782)]
["''"]: [(59, 0.9999810446645072)]
["'.'"]: [(154, 0.3479692795419415), (103, 0.0299446016103631), (18, 0.018996377747340767)]
["'<us>'"]: []
["'Baer"]: [(35, 0.39239232191596957), (108, 0.3329847738829313), (104, 0.09622692412802096), (182, 0.08361519053092853), (166, 0.05458011299105027), (165, 0.040192313314034986)]
["'Baer'"]: [(35, 0.5757700307551323), (180, 0.36463121720148567), (134, 0.034775972815542455), (71, 0.014410455887229466), (133, 0.01038093929737877)]
["'Benda'"]: [(20, 0.5626384243181556), (128, 0.17612719747522518), (75, 0.16849367743716284), (77, 0.08618378834726924)]
["'Berger'"]: [(165, 0.2656496498606235), (121, 0.18231837515656066), (138, 0.17268721837706855), (10, 0.11108654951503553), (194, 0.08768734826010813), (2, 0.06539874749016414), (183, 0.058353295247433636), (167, 0.04368353360664787)]
["'Britz"]: [(156, 0.48548090225213564), (165, 0.27605459723323783), (53, 0.19496453858741764), (141, 0.027315380652020473), (161, 0.01614757882240489)]
["'Britz'"]: [(141, 0.9473010993406252), (151, 0.04232139496264029), (124, 0.010345773251699136)]
["'Bro'"]: []
["'Broß"]: [(108, 0.4383604887752672), (124, 0.348950713440642), (59, 0.1364045282696964), (35, 0.07617432271807402)]
["'Broß'"]: [(165, 0.6316387977748036), (182, 0.19573733887653008), (180, 0.12116983915392947), (101, 0.051452014733418844)]
["'Bryde"]: [(156, 0.37306976437910894), (92, 0.3064075084393618), (138, 0.30446913768069805), (165, 0.013523318022762429)]
["'Bryde'"]: [(35, 0.8799042608273648), (184, 0.07134663173539493), (165, 0.025613711965851885), (101, 0.018310378523084953)]
["'Böckenförde'"]: [(104, 0.8832260515661996), (164, 0.11673000606119291)]
["'Böhmer'"]: [(97, 0.984074355451418)]
["'Christ"]: [(108, 0.8723920934227412), (156, 0.042491481498875494), (180, 0.03766148407042487), (138, 0.03216402265018835), (86, 0.013438594112554996)]
["'Christ'"]: [(108, 0.23727738310332633), (86, 0.2218625467487266), (35, 0.14969729020894781), (52, 0.13590654284431497), (63, 0.06735019432986945), (165, 0.05725170193212057), (152, 0.05691577638801426), (162, 0.020656820056350576), (74, 0.01931273218172555), (64, 0.01689723913142904), (101, 0.012814633953122778)]
["'DiFabio"]: [(104, 0.9999723489514132)]
["'DiFabio'"]: [(152, 0.9362357480472262), (180, 0.0318535211574099), (158, 0.02176846672022793)]
["'Di\\xa0Fabio"]: [(156, 0.9986278857655331)]
["'Di\\xa0Fabio'"]: [(152, 0.9589783122145491), (124, 0.0337452137843458)]
["'Dieterich'"]: [(49, 0.9999310485568499)]
["'Drath'"]: [(170, 0.998765574037117)]
["'Eichberger"]: [(152, 0.3013303127865059), (104, 0.17830396750478733), (151, 0.1484407372499345), (108, 0.1379659522572114), (156, 0.08125418343210612), (53, 0.07015433266873321), (165, 0.06970940277546249), (182, 0.012536900603832758)]
["'Eichberger'"]: [(152, 0.5066887071916423), (35, 0.293730690914086), (108, 0.14898719134935914), (22, 0.02032220413141642), (182, 0.019758896342605043), (134, 0.010509226800508524)]
["'Ellinghaus'"]: []
["'Faller'"]: [(107, 0.828002372029171), (54, 0.1561480624947893)]
["'Federer"]: [(54, 0.9395941358205124)]
["'Friesenhahn'"]: [(116, 0.5319488914676497), (104, 0.40827159042208133)]
["'Fröhlich'"]: [(92, 0.9390696170751154)]
["'Gaier"]: [(108, 0.5250620573442899), (180, 0.31384835866145666), (134, 0.1566313479095187)]
["'Gaier'"]: [(104, 0.3175358221893907), (108, 0.30924880242938396), (92, 0.24090086082913145), (134, 0.06281467229272394), (138, 0.03655512909766739), (165, 0.02933845476063812)]
["'Geiger'"]: [(143, 0.9402350291498159)]
["'Gerhard"]: [(134, 0.45757956277465806), (121, 0.15095174615209975), (154, 0.052421755706006545), (30, 0.03252012299957785), (120, 0.02600769362380971), (115, 0.018159991814959493)]
["'Gerhardt"]: [(108, 0.4707249160148225), (165, 0.3618495491647666), (134, 0.06558099887101289), (53, 0.04112239397766665), (152, 0.03570551811579941), (156, 0.02500992599922723)]
["'Gerhardt'"]: [(165, 0.8924538274783557), (104, 0.0804324879541841), (134, 0.027094458373869017)]
["'Graßhof"]: [(152, 0.9949812336228201)]
["'Graßhof'"]: [(52, 0.999991058053158)]
["'Grimm"]: []
["'Grimm'"]: [(152, 0.9999921394090463)]
["'H.-J.Rinck'"]: [(22, 0.132881405081982), (65, 0.08980778369887775), (72, 0.07991584063115824), (102, 0.06714481171619054), (146, 0.060325117557214016), (58, 0.05385418047584904), (114, 0.04577434417395089), (49, 0.04444006445786231), (6, 0.042429663226064715), (86, 0.03719824332100898), (178, 0.035669042541814314), (153, 0.034519328277008716), (110, 0.029698825977642476), (99, 0.02482407595143241), (156, 0.022931343591512686), (152, 0.022546449924041232), (104, 0.016665697894217867), (149, 0.016023676517043586), (23, 0.015730532553689943), (186, 0.014228809879131521), (172, 0.01343756048185654), (10, 0.012959739508527355), (20, 0.012464126810432774), (143, 0.012226584693575092), (62, 0.010687515693321544)]
["'Haas"]: [(92, 0.9997978703205134)]
["'Haas'"]: [(180, 0.9999908171620281)]
["'Harbarth'"]: [(152, 0.478570541195299), (35, 0.4043440096713593), (53, 0.03633352129003165), (134, 0.035649324233070497), (166, 0.024087679148413556), (161, 0.016260763243436047)]
["'Hasseme"]: []
["'Hassemer"]: [(165, 0.9999654882711194)]
["'Hassemer'"]: [(165, 0.9983688090443087)]
["'Heck'"]: [(68, 0.6307554363831406), (110, 0.31125158752293935), (32, 0.050838729452050695)]
["'Heiland'"]: [(75, 0.6151592026778443), (196, 0.36968395036259005), (23, 0.014223892481800993)]
["'Henneka'"]: [(132, 0.8623888365197288), (148, 0.07454231809106063)]
["'Henschel'"]: [(152, 0.9999673749541325)]
["'Hentschel'"]: [(115, 0.4149777313034631), (61, 0.249377663894632), (183, 0.0879844786917968), (147, 0.07519225816992446), (86, 0.06455391029748019), (188, 0.05611876178726638), (68, 0.031133426299705638), (66, 0.015841990477723736)]
["'Hermanns"]: [(152, 0.4401477824885411), (108, 0.24064063178848033), (156, 0.12938766405396354), (124, 0.09743641190242189), (53, 0.04706951364662899), (48, 0.018645713997131726), (111, 0.010081746730433444)]
["'Hermanns'"]: [(158, 0.48237030945210435), (165, 0.41333093479773675), (35, 0.05609755136260016), (182, 0.04819217042640816)]
["'Herrmanns'"]: [(158, 0.586245746068323), (139, 0.03658588933936745), (91, 0.02645633958656063), (35, 0.021963338699050847), (48, 0.020768514581588793), (143, 0.017002193210805153), (70, 0.016679048293315322), (161, 0.010027846802005056)]
["'Herzog'"]: [(184, 0.9996950922601704)]
["'Hesse'"]: [(86, 0.897744536729949), (142, 0.08829152277926217), (99, 0.013241405861026432)]
["'Heußner'"]: [(23, 0.15288237292819892), (181, 0.1292284398107982), (95, 0.09111908219178161), (2, 0.08560261789377813), (168, 0.08184031218706078), (68, 0.06446807081631992), (156, 0.05447570580539127), (28, 0.043489410498286946), (109, 0.040038046453588286), (94, 0.038679942410371274), (167, 0.029044232854090184), (138, 0.02835499707849487), (164, 0.020799181269196255), (101, 0.019031462934659637), (0, 0.011444696361671607), (88, 0.011384170911572218), (177, 0.010679777817723874), (78, 0.010671980628609466)]
["'Hmig'"]: []
["'Hoffmann-Riem"]: [(108, 0.7355084365000922), (124, 0.14872111087685516), (152, 0.1157651596119228)]
["'Hoffmann-Riem'"]: [(152, 0.9999826427778377)]
["'Hohmann-Dennhard"]: []
["'Hohmann-Dennhardt"]: [(53, 0.8207419738714266), (182, 0.08239174495273294), (6, 0.07192624137245457), (101, 0.01736966502930678)]
["'Hohmann-Dennhardt'"]: [(141, 0.7934535190684483), (165, 0.1208575206504052), (92, 0.08240059674723053)]
["'Huber"]: [(108, 0.4001660058374065), (165, 0.317631246752838), (156, 0.10087428952622861), (70, 0.04596259362870541), (124, 0.03968806154557204), (138, 0.03831155018531185), (182, 0.03730577256300792), (53, 0.01341829998825898)]
["'Huber'"]: [(158, 0.6147622525965234), (182, 0.13115882977985116), (134, 0.10427345789027039), (35, 0.07422622973315456), (53, 0.0709614051589756)]
["'Härtel"]: [(152, 0.2976766563937574), (52, 0.17385920804963106), (108, 0.11312865357674803), (182, 0.10735520457954353), (104, 0.10632298842755361), (156, 0.08765619361858923), (165, 0.04642368139162854), (134, 0.041953572398080785), (124, 0.017777120733662728)]
["'Hömig"]: [(180, 0.999517157813999)]
["'Hömig'"]: [(182, 0.4313202127619294), (35, 0.28918314566509695), (104, 0.12366171898992938), (52, 0.12194495821974534), (180, 0.017257371695758802)]
["'Höpker-Aschoff'"]: []
["'Jaeger"]: [(104, 0.733238644593958), (156, 0.26663366347121836)]
["'Jaeger'"]: [(188, 0.9272391914551983), (92, 0.051193096265758326), (35, 0.02048256197917921)]
["'Jentsch"]: [(152, 0.9996139637221059)]
["'Jentsch'"]: [(22, 0.9066765073134204), (180, 0.09331332742383161)]
["'Jentsch;'"]: []
["'Jäger'"]: [(61, 0.2926081998588881), (168, 0.23764949584465944), (119, 0.13867656818245888), (57, 0.07132553781377857), (53, 0.06988394336625775), (127, 0.06617779667552975), (115, 0.06457886476996783), (182, 0.045215355647599695)]
["'Katz'"]: [(98, 0.9421480912635232)]
["'Katzenstein"]: [(65, 0.8001982480914198), (173, 0.18415187901542476)]
["'Katzenstein'"]: [(160, 0.126336155826158), (35, 0.1073300708746159), (68, 0.09725531683257968), (60, 0.07233117127544463), (23, 0.04882470883889089), (136, 0.04459848280308516), (95, 0.044040508792802954), (178, 0.042221132107380516), (181, 0.041762942703213), (152, 0.041157313278475875), (11, 0.03489368667701661), (168, 0.03099689832405284), (90, 0.026469922469641236), (1, 0.02528254998426161), (7, 0.024657155181039), (114, 0.022206945763882092), (81, 0.020009331127679372), (0, 0.01996091709071369), (86, 0.019505927201635267), (116, 0.0176392808910422), (148, 0.01712448897494965), (103, 0.013582064127794372), (3, 0.012742305209852482)]
["'Kessal-Wulf"]: [(152, 0.8184622761396362), (165, 0.06471647551368244), (124, 0.05767743469626637), (35, 0.04331144652619091)]
["'Kessal-Wulf'"]: [(104, 0.42208351009099904), (165, 0.20328653504920266), (156, 0.1393006121081783), (143, 0.12119148779178586), (138, 0.11400617350651496)]
["'Kessal-Wulff"]: [(162, 0.41951941739496285), (165, 0.3147188116647248), (182, 0.1697272776771829), (124, 0.013721119415724603)]
["'Kessal-Wulff'"]: [(53, 0.4028735701610016), (138, 0.08030847175755254)]
["'Khling'"]: []
["'Kirchhof"]: [(180, 0.6581606240090768), (156, 0.19151239233367082), (188, 0.15028568943490023)]
["'Kirchhof'"]: [(52, 0.7777368159080439), (182, 0.20836277028375141), (22, 0.013896204384648366)]
["'Klaas'"]: [(33, 0.9390799577588688)]
["'Klein'"]: [(59, 0.9999526161693507)]
["'Kruis"]: [(164, 0.6625510002188353), (124, 0.3030373316339695), (52, 0.03383432595289805)]
["'Kruis'"]: [(152, 0.9999608704822568)]
["'König"]: [(152, 0.2705801646561748), (53, 0.26670578118171206), (108, 0.1758107917336593), (165, 0.10614176481864805), (45, 0.10546045053020422), (163, 0.0752784973607655)]
["'König'"]: [(52, 0.6088611768162114), (101, 0.36637583284220154), (45, 0.02475022012448917)]
["'Kühling"]: [(116, 0.9994500787386511)]
["'Kühling'"]: [(152, 0.9999894430872134)]
["'Landau"]: [(108, 0.5400837162294668), (156, 0.32339604630780466), (128, 0.06667237324757586), (53, 0.06294940581630688)]
["'Landau'"]: [(152, 0.6713879460012477), (101, 0.32797723599192624)]
["'Langenfeld"]: [(108, 0.6632181422384957), (53, 0.12428961860481975), (180, 0.049083124610634875), (101, 0.04313374547746586), (124, 0.02622351708279079), (134, 0.023725873313847855), (52, 0.02314535545608156), (41, 0.022904323010610364), (70, 0.019335426915594377)]
["'Langenfeld'"]: [(22, 0.5919915420222316), (180, 0.2185657323177668), (59, 0.1542792935486367), (140, 0.03492988977197967)]
["'Lehmann"]: [(128, 0.990601029976483)]
["'Lehmann'"]: []
["'Leuser'"]: [(48, 0.939326632107704)]
["'Limbach'"]: [(165, 0.9999703490246773)]
["'Lübbe-Woff"]: [(134, 0.1117292715226391), (108, 0.035682986397718115), (1, 0.020937117335203405)]
["'Lübbe-Woff'"]: []
["'Lübbe-Wolff"]: [(165, 0.5907340408654566), (108, 0.2392571692753921), (156, 0.14383246097799768), (162, 0.026153299376482256)]
["'Lübbe-Wolff'"]: [(52, 0.9999934958269074)]
["'Mahrenholz'"]: [(168, 0.5004918085628755), (152, 0.34829106481619027), (186, 0.1509730389296824)]
["'Maidowski"]: [(165, 0.46257886772872625), (108, 0.34244769826036364), (124, 0.08538511917949233), (35, 0.04026536699613246), (53, 0.03126599877062635), (101, 0.020326415606209666), (48, 0.013074392880468758)]
["'Maidowski'"]: [(152, 0.6631241865577381), (22, 0.20898654269960937), (182, 0.10270950714775033), (184, 0.02108935836735968)]
["'Masing"]: [(108, 0.5762953739577522), (53, 0.12530011621392018), (152, 0.09431292294802164), (104, 0.07964433376874233), (165, 0.06635282410231796), (49, 0.05273133591087232)]
["'Masing'"]: [(152, 0.5003662640073255), (182, 0.14228499669608224), (104, 0.11576636078948915), (115, 0.09279667885277454), (116, 0.04472389577196414), (134, 0.03705674176329748), (124, 0.032896813442354476), (158, 0.02730978461510525)]
["'Mellinghoff"]: [(165, 0.7570902717547595), (108, 0.1588423242326973), (156, 0.0840617271626646)]
["'Mellinghoff'"]: [(152, 0.6148911385368433), (165, 0.3851015301144183)]
["'Mitwirkung'"]: []
["'Müller"]: [(152, 0.37061908168068886), (182, 0.3637697443634671), (108, 0.1585707516022395), (124, 0.05000529188155625), (101, 0.026770578469241586), (165, 0.017831170703038232)]
["'Müller'"]: [(152, 0.5270450542420573), (165, 0.45362313928040177), (71, 0.01932480842009282)]
["'Niebler'"]: [(49, 0.1258452307601449), (97, 0.11450955139724964), (149, 0.08326236623810716), (188, 0.060168612428496936), (153, 0.053962258866319904), (34, 0.04485368860421169), (186, 0.041073263248398016), (8, 0.04098110237223272), (152, 0.038882302037616584), (21, 0.03793171305099165), (117, 0.03529097040903977), (72, 0.034680636018976634), (104, 0.03240436968035162), (14, 0.02732563109204108), (10, 0.02618542247667434), (158, 0.02355167157825077), (139, 0.022085806995989107), (178, 0.018222720348853784), (22, 0.016809565860320338), (83, 0.013412641400820333), (39, 0.012531931427923542), (146, 0.012505596993388397), (145, 0.011336538081310172)]
["'Niedermaier"]: [(95, 0.08364719665484835), (189, 0.07073244040170973), (0, 0.06832264322682394), (169, 0.06506133340867908), (23, 0.0571243445228765), (18, 0.05388085406296367), (122, 0.05168252250126009), (76, 0.04759743980713712), (1, 0.047291980096035434), (168, 0.04614731713739469), (86, 0.04557717805876089), (25, 0.04369173208852673), (59, 0.03929323553257019), (58, 0.03596231767914827), (51, 0.03545702094663807), (175, 0.032692144280324034), (31, 0.03112838201239336), (97, 0.022031177657282425), (16, 0.02195806683370935), (113, 0.020595267560241902), (34, 0.019740699331559863), (186, 0.016354880178207368), (115, 0.01451294246514925)]
["'Niemeyer'"]: [(181, 0.1567321854318554), (60, 0.10144853829513152), (93, 0.0766874866575393), (21, 0.0746064071847375), (99, 0.06787774470670338), (0, 0.06677285876043648), (63, 0.06644816421296086), (115, 0.058279013861321505), (2, 0.049721353102142374), (178, 0.041956717222514546), (74, 0.03767881152302919), (148, 0.036979669352375136), (177, 0.029210819719129814), (59, 0.021272261463442528), (183, 0.01725934865053667), (141, 0.01571129103239584), (152, 0.015595006105363265), (113, 0.013303486673409587), (146, 0.012422526133992938), (100, 0.010761472369143057)]
["'Osterloh"]: [(152, 0.9504489643180978), (35, 0.04943552068609971)]
["'Osterloh'"]: [(152, 0.6721143978784258), (53, 0.1677115661613059), (124, 0.11439941891244), (162, 0.024147374558038705), (166, 0.021615965353851418)]
["'Ott"]: [(152, 0.3999108456450957), (108, 0.21294575760462128), (104, 0.14877263429892643), (185, 0.09130669670655857), (156, 0.06725666320417067), (165, 0.05938781231988066)]
["'Ott'"]: [(59, 0.29684901091000865), (116, 0.24797892842530198), (92, 0.14118004714201302), (158, 0.12209959846610738), (53, 0.08343112720555657), (184, 0.06793706906970894), (177, 0.0340475989576493)]
["'Papier'"]: [(166, 0.39930140465511793), (152, 0.33976741733286764), (165, 0.13062182935778419), (156, 0.07760813881786631), (138, 0.052693398963471486)]
["'Paulus"]: [(166, 0.8363402302475631), (193, 0.08664419198695437), (156, 0.06768773594410878)]
["'Paulus'"]: [(152, 0.5840881136429021), (166, 0.19089800697930345), (188, 0.14909823155614038), (141, 0.05259189398860421), (70, 0.012559933325458334), (133, 0.010756910023789637)]
["'Radtke"]: [(108, 0.3092829981288192), (156, 0.2127527336563778), (152, 0.1815792473104883), (53, 0.16448208586736343), (165, 0.06118833161620526), (104, 0.05851294045019333), (101, 0.012140631313650153)]
["'Radtke'"]: [(22, 0.2432008539572274), (52, 0.1692475862074242), (104, 0.06940942454213574), (61, 0.051285483008016275), (115, 0.05117852600862255), (83, 0.038201772989792514), (128, 0.03309508816218894), (185, 0.03027310021257519), (66, 0.02374501839335627), (77, 0.022382734093413934), (100, 0.02121027761748492), (31, 0.020078486983671314), (175, 0.017499868574269783), (45, 0.013861433395155423), (48, 0.012938021749987077), (171, 0.01203172488338296), (88, 0.010233294291165955)]
["'Rinck'"]: [(158, 0.11034333046342937), (97, 0.06666324126713362), (139, 0.06556057293949014), (28, 0.06046113070012335), (146, 0.054339895290460995), (117, 0.044329605885672384), (75, 0.043533387903258135), (49, 0.035780154429616115), (153, 0.03424699513000918), (107, 0.03343932221942181), (60, 0.03316512608363804), (65, 0.02884165104078322), (86, 0.02665559215084412), (77, 0.02519876197298811), (147, 0.024037281571582667), (160, 0.022803231062732143), (78, 0.021976515033804364), (25, 0.02129217654758082), (159, 0.01827761732183058), (157, 0.01804056585935909), (83, 0.01803486946036767), (104, 0.017850645286490708), (149, 0.01746142706643533), (151, 0.015445786465373644), (124, 0.015063200716790294), (106, 0.014818502677047925), (170, 0.012750387527467016), (62, 0.01256555094515878), (13, 0.012214077411536252), (173, 0.011327340865838594), (20, 0.010296329422550493)]
["'Ritterspach"]: [(32, 0.2676153686058565), (5, 0.24770905063441528), (93, 0.12719164103073866), (34, 0.12114703316307962), (195, 0.10152604740984776), (27, 0.06339327980509434), (104, 0.040668561797887394), (198, 0.018822171085623795)]
["'Ritterspach'"]: [(186, 0.9969653271034825)]
["'Roediger'"]: [(39, 0.9397085465025516)]
["'Rottmann"]: [(149, 0.08547591764135495), (146, 0.06697908196288516), (28, 0.06590959650296845), (153, 0.06407631570586891), (168, 0.05734336728562972), (152, 0.054661746333188016), (49, 0.043816026160141824), (183, 0.043395462432415724), (86, 0.04096987798131028), (77, 0.04044459771550665), (156, 0.03485697443793212), (58, 0.033837391146450034), (139, 0.030806533326091862), (178, 0.026767933613743165), (158, 0.026706084386083573), (83, 0.022446833174569567), (114, 0.019923302420556472), (170, 0.01982393506294839), (119, 0.019249048488510834), (95, 0.018583605477921834), (186, 0.018167953006981045), (2, 0.01797841812042496), (65, 0.017680007475252207), (10, 0.014396000535100258), (43, 0.011820555838699356), (105, 0.011617166720791937), (96, 0.010804704747179254)]
["'Rottmann'"]: [(152, 0.1409543061682108), (49, 0.1250564053353375), (34, 0.07315726757115383), (139, 0.07257779034453014), (22, 0.07056059458545672), (156, 0.051496103168359994), (72, 0.045099943143656035), (119, 0.0335048794263302), (159, 0.03209989985006352), (132, 0.030367518747162984), (75, 0.030257508474670892), (147, 0.029427534349036208), (14, 0.02864391550410371), (199, 0.028203566435086962), (28, 0.0269908086237736), (86, 0.023513313112321264), (10, 0.019597856437503634), (62, 0.019267571079264374), (158, 0.018827104735249935), (186, 0.01549832506615086), (168, 0.014704243394464009), (83, 0.014667132715846645), (183, 0.013779712985684003), (117, 0.012148323077041046)]
["'Rupp'"]: [(34, 0.8071243519602816), (181, 0.13129024320577376)]
["'Scheffler'"]: [(35, 0.9806674585520189), (181, 0.01811711122195931)]
["'Schluckebier"]: [(152, 0.5409667257065786), (108, 0.24866954268916772), (180, 0.1832236948202146), (138, 0.016112492109547384), (188, 0.010855282474970416)]
["'Schluckebier'"]: [(188, 0.8847453114729307), (180, 0.11525196986619873)]
["'Scholtissek'"]: [(160, 0.8361697924579028), (84, 0.16259310077689967)]
["'Seibert"]: [(152, 0.999801012167861)]
["'Seibert'"]: [(107, 0.9974864754551185)]
["'Seidl"]: [(35, 0.9995515795177204)]
["'Seidl'"]: [(152, 0.9999537264899513)]
["'Simon'"]: [(68, 0.32111409943212144), (98, 0.23229038955936906), (158, 0.15391729787102323), (58, 0.15225758150200192), (165, 0.08693367670478089), (87, 0.052768133929222236)]
["'Sommer"]: [(152, 0.9985940162485082)]
["'Sommer'"]: [(104, 0.9999946387796285)]
["'Stein'"]: []
["'Steinberger'"]: [(110, 0.07527535836898733), (49, 0.07185752686043259), (22, 0.06881322193547075), (153, 0.05954285125723772), (97, 0.05167600366832283), (86, 0.04656788026752399), (117, 0.044656348608529656), (139, 0.04435968945836814), (100, 0.043406199189393396), (78, 0.036186078973548495), (104, 0.03520138831708477), (53, 0.03128831940890593), (165, 0.028778208787810376), (152, 0.028550633660346273), (79, 0.025342476556868176), (125, 0.020853099276712216), (3, 0.020569004185327953), (14, 0.01907233970818599), (65, 0.018806789823694065), (156, 0.017839614646640096), (188, 0.017577527713601545), (196, 0.017136327766215684), (80, 0.016854479660549433), (126, 0.016300503948128407), (113, 0.014524105742537863), (95, 0.014235064383229041), (72, 0.012589864593131791), (146, 0.011240648893402061), (155, 0.011174005445331264), (101, 0.010486603986889519), (83, 0.010374570496807407)]
["'Steiner"]: [(138, 0.9999352605958141)]
["'Steiner'"]: [(152, 0.5814110322233956), (35, 0.32380931024570875), (52, 0.06869347775776281), (138, 0.026082954983154005)]
["'Söllner'"]: [(116, 0.7326039352509581), (152, 0.2673631600291535)]
["'Träger'"]: [(22, 0.14935991246037966), (149, 0.1478668406344796), (139, 0.07697024501113844), (14, 0.07308421622692803), (34, 0.07063078863717293), (65, 0.06529323238849069), (102, 0.05341044262298315), (158, 0.04492535488887008), (49, 0.02609718814634898), (132, 0.024513084967086818), (124, 0.024230791398616006), (117, 0.021176580931040155), (137, 0.020900346002678174), (148, 0.020712110582779768), (165, 0.018372673929032114), (91, 0.017102314095574132), (107, 0.0168657941927457), (8, 0.013398474374214684), (143, 0.012979770036830866), (80, 0.01184187591214577), (104, 0.010973490600562463), (3, 0.01075314635086646)]
["'Vosskuhle'"]: [(104, 0.20559947906216067)]
["'Voßkuhle'"]: [(152, 0.6614221313362856), (104, 0.1639606933611565), (180, 0.09987381734305097), (22, 0.045019997679694515), (115, 0.02969741813644545)]
["'Wallrabensein"]: [(156, 0.12662627724674747), (152, 0.06087782538729189), (22, 0.027324167729668072), (197, 0.016320598407030755), (104, 0.01275570939246654), (138, 0.012474158488482061), (188, 0.010283730831865717)]
["'Wallrabenstein"]: [(152, 0.692208249909314), (108, 0.15381128534099103), (124, 0.05020466978637062), (174, 0.03543344597315143), (52, 0.030382861673451864), (70, 0.02666442789807449)]
["'Wallrabenstein'"]: [(166, 0.22068263621065065), (158, 0.21590692953300614), (134, 0.04874392906716452), (48, 0.02976558554603731), (177, 0.010499611450078827), (49, 0.010392425413779854)]
["'Wand'"]: [(139, 0.12842341220293368), (146, 0.06817395633442755), (152, 0.06584195569391733), (22, 0.06479163457614115), (10, 0.05406230780013187), (153, 0.05371150898832718), (34, 0.04700529669133875), (178, 0.0461787949735872), (16, 0.044196201357459795), (110, 0.043111386058112516), (14, 0.035823271044430206), (97, 0.03384212969159465), (190, 0.03047797218050749), (75, 0.030266749078239168), (186, 0.030119981583101862), (143, 0.02657003135312134), (78, 0.025008792454234617), (35, 0.02122983074801583), (58, 0.020593631243205807), (156, 0.0182291879368989), (131, 0.015708684024114055), (91, 0.01560626178031906), (106, 0.012524365378088393)]
["'Wessel'"]: [(35, 0.9969199097713736)]
["'Winter"]: [(166, 0.999848227450272)]
["'Winter'"]: [(104, 0.9999229802284363)]
["'Wintrich'"]: [(188, 0.9907374869026139)]
["'Wolff'"]: [(144, 0.9407094945538298)]
["'Zeidler'"]: [(22, 0.10106335459667165), (65, 0.09254456023882432), (60, 0.055393504372409676), (186, 0.053358853112525854), (58, 0.04513790940925108), (39, 0.04044637891066945), (72, 0.0397411853515432), (153, 0.035810798072671006), (107, 0.03482389636390729), (149, 0.03351604062010133), (83, 0.0332317073557781), (10, 0.028559497521891353), (75, 0.028094827410960924), (34, 0.024592512123277285), (146, 0.023562753566771375), (14, 0.02301319042282615), (188, 0.02270640448854268), (113, 0.021192798591209646), (25, 0.018517667692402394), (49, 0.017972780904899753), (110, 0.01777650492962831), (79, 0.017138301432391444), (97, 0.013785054188840594), (165, 0.013630123621225529), (172, 0.012927812174090938), (102, 0.012432594093997287), (117, 0.01100150206930096), (178, 0.010745352365610701), (114, 0.010576994062261138), (50, 0.010435358064078533), (28, 0.010220620529347562)]
["'Zweigert"]: []
["'gerichts'"]: [(101, 0.24458556001712553)]
["'unter'"]: []
['']: [(165, 0.3722122019235446), (152, 0.2937601912410362), (124, 0.11498911777727791), (35, 0.08154141377462376), (156, 0.04117004856171417), (49, 0.04096590516326526), (141, 0.03202110749923524), (115, 0.02333274679918579)]
