["'"]: [(23, 0.9999826927080347)]
["''"]: [(36, 0.9999833547970759)]
["'.'"]: [(8, 0.3074019106614402), (5, 0.26954423534911415), (13, 0.18950530008360775), (9, 0.05811841212772703), (36, 0.05639751276359426)]
["'<us>'"]: [(11, 0.0312291201219133), (23, 0.030588794063205776), (16, 0.030541852382889815), (0, 0.029765185941125642), (17, 0.02964384720483816), (3, 0.029499835317597804), (35, 0.029472145090777873), (15, 0.029451965881499096), (4, 0.029397539719615232), (5, 0.028632532248111416), (30, 0.02848261430841012), (32, 0.028187801619497778), (26, 0.028037005982929384), (13, 0.027858143995883346), (22, 0.02759373728421935), (27, 0.027222301446059083), (7, 0.026805334359035878), (34, 0.0267814734110156), (2, 0.02655678060736795), (20, 0.0265328754423257), (12, 0.026463844442266692), (25, 0.02636317697605942), (29, 0.02606978910256495), (10, 0.02604222953317575), (33, 0.026029738814757286), (9, 0.025998204195770012), (8, 0.025968519916405426), (6, 0.02572872000562523), (18, 0.025565892161715), (19, 0.02532606525754887), (24, 0.02512860940848968), (14, 0.02461729024113205), (31, 0.02455679047345346), (1, 0.024073717448734596), (28, 0.023954655254088308), (36, 0.023563193954315387), (21, 0.022268676385579517)]
["'Baer"]: [(8, 0.8924598378476847), (23, 0.10716573264097669)]
["'Baer'"]: [(27, 0.7425228652857657), (8, 0.13266006638912092), (7, 0.06491685892457569), (25, 0.03374171070765711), (29, 0.021070936820052146)]
["'Benda'"]: [(8, 0.820106746915357), (19, 0.05798246424950001), (35, 0.03607720535104453), (21, 0.03402857433917045), (29, 0.024973231864535463), (9, 0.019344942525426314)]
["'Berger'"]: [(0, 0.21001958360642928), (36, 0.20866734433745945), (21, 0.1310466262492512), (11, 0.0963996580956011), (31, 0.06974407921418885), (33, 0.06747409097494295), (1, 0.06471718573554319), (5, 0.05029454885996689), (12, 0.03940650104577526), (18, 0.032238394307125946), (27, 0.01663476494997057), (28, 0.010621421619785933)]
["'Britz"]: [(8, 0.599891371438378), (27, 0.2065528495376969), (26, 0.13688557840213286), (3, 0.025585904310139622), (23, 0.02428878466641208)]
["'Britz'"]: [(27, 0.5861605011847973), (3, 0.24735501641523916), (8, 0.058137343895004565), (0, 0.05238164501207393), (25, 0.03396006990750065), (17, 0.01667975316492955)]
["'Bro'"]: [(28, 0.709881509459014), (34, 0.22249355472595558), (3, 0.05109366186309794)]
["'Broß"]: [(8, 0.9999057768918327)]
["'Broß'"]: [(8, 0.8713127847685884), (33, 0.12868514280648394)]
["'Bryde"]: [(8, 0.9999830230331146)]
["'Bryde'"]: [(27, 0.5710656511124564), (15, 0.4194981793640714)]
["'Böckenförde'"]: [(33, 0.7841891882520295), (8, 0.20532337381618293), (17, 0.010448096954424701)]
["'Böhmer'"]: [(19, 0.8954853336146551), (2, 0.07269977399367401), (8, 0.018641887835415854)]
["'Christ"]: [(8, 0.9973071706843637)]
["'Christ'"]: [(8, 0.7607798469348022), (25, 0.08803818912737355), (36, 0.06246251867461449), (28, 0.050917519233271494), (22, 0.022499322434486158)]
["'DiFabio"]: [(8, 0.9999742821815416)]
["'DiFabio'"]: [(8, 0.9999729921827297)]
["'Di\\xa0Fabio"]: [(17, 0.9987975525890066)]
["'Di\\xa0Fabio'"]: [(8, 0.9999951685264299)]
["'Dieterich'"]: [(15, 0.587128405975865), (36, 0.30978670417304965), (16, 0.1030241014538452)]
["'Drath'"]: [(3, 0.9986680746886868)]
["'Eichberger"]: [(8, 0.940350263164673), (5, 0.05941017268787539)]
["'Eichberger'"]: [(8, 0.811789048938174), (36, 0.15911744368682434), (25, 0.029090587312716618)]
["'Ellinghaus'"]: [(11, 0.9635263657947587)]
["'Faller'"]: [(19, 0.8823251558631389), (15, 0.05295031944123364), (21, 0.051530135944122604)]
["'Federer"]: [(33, 0.942775445283282)]
["'Friesenhahn'"]: [(11, 0.9418227674429722)]
["'Fröhlich'"]: [(10, 0.9443020156432224)]
["'Gaier"]: [(8, 0.5060388194134148), (27, 0.36865825000946567), (5, 0.12370107230151237)]
["'Gaier'"]: [(8, 0.7825618591218968), (36, 0.15456876077391815), (5, 0.052094162445062285)]
["'Geiger'"]: [(29, 0.8808484292216414), (30, 0.06205491443698582)]
["'Gerhard"]: [(33, 0.4335059076026752), (7, 0.33759307214567263), (27, 0.1834425513810171)]
["'Gerhardt"]: [(36, 0.46283459282556927), (23, 0.4387652725633119), (27, 0.08379828025721107), (8, 0.014596629848864222)]
["'Gerhardt'"]: [(17, 0.8400629556566376), (27, 0.06179500479983167), (9, 0.056259880846078206), (33, 0.02503896139419868), (6, 0.01682561035385637)]
["'Graßhof"]: [(1, 0.9954612586761256)]
["'Graßhof'"]: [(8, 0.9999916858251066)]
["'Grimm"]: [(33, 0.8439312556457684), (12, 0.13779147542506046)]
["'Grimm'"]: [(8, 0.9999926998275728)]
["'H.-J.Rinck'"]: [(15, 0.13492158197998538), (10, 0.0552606893332731), (35, 0.05140918115804678), (16, 0.05075977845798362), (36, 0.05021641684062532), (19, 0.04637684784192638), (20, 0.0437497514571701), (4, 0.04095733119154467), (17, 0.04086953777584601), (12, 0.040389894075945704), (3, 0.03807390775488197), (13, 0.03723819008607125), (6, 0.034733454942819444), (31, 0.034294414080068454), (21, 0.03361513204566954), (14, 0.028211425791441046), (28, 0.028013699613873594), (18, 0.02136321410724037), (26, 0.02120085338366157), (7, 0.020976995581757377), (11, 0.020681061791626834), (1, 0.016741470007284886), (8, 0.015892773051646943), (23, 0.015078944112226737), (33, 0.014895267127476687), (30, 0.013676621017226245), (29, 0.013501836233805185), (0, 0.013300099238109816)]
["'Haas"]: [(30, 0.9998168714012492)]
["'Haas'"]: [(27, 0.9999913142958584)]
["'Harbarth'"]: [(8, 0.9429898682940239), (5, 0.025756937721301363), (2, 0.01711663777459119), (23, 0.013276171316932935)]
["'Hasseme"]: [(11, 0.9758079477819759)]
["'Hassemer"]: [(17, 0.9999682505980468)]
["'Hassemer'"]: [(23, 0.6563784212258285), (27, 0.34361841951866917)]
["'Heck'"]: [(29, 0.4885651490091082), (31, 0.4258800633924811), (30, 0.049635867370960485), (13, 0.030185118329868272)]
["'Heiland'"]: [(26, 0.9990259254019083)]
["'Henneka'"]: [(15, 0.9428824946321706)]
["'Henschel'"]: [(8, 0.5608190746367608), (27, 0.43915092006887857)]
["'Hentschel'"]: [(15, 0.2798434363855086), (0, 0.21515100399548662), (33, 0.21082951524750743), (28, 0.09731398157347632), (20, 0.08552265098515469), (14, 0.02941404510083595), (36, 0.02193679892090022), (24, 0.016421158156741573), (11, 0.015605706520886992), (17, 0.01010119128289241)]
["'Hermanns"]: [(8, 0.7633431284419262), (23, 0.11376516996350973), (17, 0.04987335846989671), (29, 0.04758125773717341), (3, 0.02542061052058622)]
["'Hermanns'"]: [(8, 0.970795781122754), (36, 0.029196747968243085)]
["'Herrmanns'"]: [(17, 0.24539139659669873), (6, 0.21221036880315486), (4, 0.13240166963792388), (33, 0.11134762658252341), (15, 0.06546221779262554), (10, 0.05702834617660471), (31, 0.053151181906756065), (3, 0.029508528177680335), (18, 0.016665458541550257), (32, 0.012522019019600662), (20, 0.012022048974133462)]
["'Herzog'"]: [(15, 0.991736284836742)]
["'Hesse'"]: [(8, 0.774684969805888), (2, 0.12184177455111858), (35, 0.06527128269446127), (9, 0.03403987669413991)]
["'Heußner'"]: [(33, 0.08457341352793071), (25, 0.0819532617193525), (27, 0.07794277528501906), (0, 0.0721564435540641), (8, 0.07155235266149035), (16, 0.06344220332254927), (22, 0.062467010699538764), (10, 0.046156808014782814), (29, 0.04074360832080377), (32, 0.03885134984798849), (23, 0.03863185635199759), (21, 0.03689518838800715), (12, 0.030674108720810805), (1, 0.029959895963551943), (3, 0.028567252854888994), (4, 0.023927211397625908), (15, 0.02235638065285793), (31, 0.019776340499255373), (5, 0.018299120776015372), (9, 0.015097279262764286), (17, 0.014573510476413191), (28, 0.013677859839489246), (20, 0.011759296512644325)]
["'Hmig'"]: [(22, 0.02702702702702827), (23, 0.02702702702702814), (30, 0.027027027027027854), (10, 0.027027027027027837), (1, 0.02702702702702775), (27, 0.027027027027027736), (35, 0.027027027027027594), (19, 0.027027027027027587), (0, 0.02702702702702755), (24, 0.02702702702702737), (16, 0.027027027027027292), (2, 0.02702702702702728), (33, 0.027027027027027223), (36, 0.027027027027027216), (26, 0.027027027027027212), (34, 0.027027027027027098), (28, 0.027027027027027008), (3, 0.027027027027026983), (5, 0.027027027027026924), (7, 0.027027027027026897), (20, 0.02702702702702683), (32, 0.027027027027026793), (12, 0.027027027027026734), (14, 0.027027027027026734), (9, 0.027027027027026706), (17, 0.02702702702702667), (6, 0.02702702702702666), (15, 0.027027027027026647), (21, 0.0270270270270266), (13, 0.02702702702702659), (18, 0.027027027027026567), (31, 0.027027027027026532), (29, 0.02702702702702648), (8, 0.027027027027026317), (11, 0.027027027027026227), (4, 0.02702702702702608), (25, 0.027027027027026022)]
["'Hoffmann-Riem"]: [(8, 0.9935621752337697)]
["'Hoffmann-Riem'"]: [(16, 0.6057862654599585), (15, 0.39419833058376036)]
["'Hohmann-Dennhard"]: [(1, 0.027027027027027056), (31, 0.027027027027027053), (16, 0.027027027027027046), (8, 0.027027027027027042), (23, 0.027027027027027042), (36, 0.027027027027027042), (13, 0.02702702702702704), (15, 0.02702702702702704), (9, 0.027027027027027035), (12, 0.027027027027027035), (17, 0.027027027027027035), (18, 0.027027027027027035), (21, 0.027027027027027035), (28, 0.027027027027027035), (6, 0.027027027027027032), (10, 0.027027027027027032), (29, 0.027027027027027032), (14, 0.02702702702702703), (33, 0.02702702702702703), (7, 0.027027027027027025), (34, 0.027027027027027025), (35, 0.027027027027027025), (5, 0.02702702702702702), (26, 0.02702702702702702), (27, 0.02702702702702702), (32, 0.02702702702702702), (3, 0.027027027027027018), (20, 0.027027027027027018), (22, 0.027027027027027018), (24, 0.027027027027027018), (25, 0.027027027027027018), (30, 0.027027027027027018), (19, 0.027027027027027008), (0, 0.027027027027027), (11, 0.027027027027027), (4, 0.027027027027026997), (2, 0.027027027027026994)]
["'Hohmann-Dennhardt"]: [(8, 0.999980046515193)]
["'Hohmann-Dennhardt'"]: [(27, 0.9999953853254856)]
["'Huber"]: [(8, 0.7832070818740847), (23, 0.18173573342152016), (24, 0.014691520621149035), (2, 0.014237369121645235)]
["'Huber'"]: [(36, 0.800949222020059), (23, 0.17419788360317418), (4, 0.02484821518461506)]
["'Härtel"]: [(8, 0.44977486586899085), (27, 0.44629090365050844), (17, 0.04675313170064423), (3, 0.021841776745613894), (23, 0.020291949292009812), (4, 0.01168284182554688)]
["'Hömig"]: [(27, 0.9996321292136954)]
["'Hömig'"]: [(17, 0.39544720174082676), (8, 0.3472746859783468), (33, 0.16061934455110824), (36, 0.08383947374142685), (27, 0.012811826448076543)]
["'Höpker-Aschoff'"]: [(10, 0.7300611746729971), (18, 0.23353400921026238)]
["'Jaeger"]: [(3, 0.5046568585654623), (15, 0.2516558123130518), (30, 0.21611430748490548), (10, 0.027462912811984645)]
["'Jaeger'"]: [(33, 0.9999845921909303)]
["'Jentsch"]: [(8, 0.9996311311753939)]
["'Jentsch'"]: [(36, 0.9999902757174123)]
["'Jentsch;'"]: [(8, 0.02702702702702707), (1, 0.027027027027027046), (10, 0.027027027027027046), (5, 0.027027027027027042), (13, 0.027027027027027042), (15, 0.027027027027027042), (14, 0.02702702702702704), (22, 0.027027027027027035), (23, 0.027027027027027035), (24, 0.027027027027027035), (36, 0.027027027027027032), (26, 0.02702702702702703), (35, 0.02702702702702703), (7, 0.027027027027027025), (9, 0.027027027027027025), (29, 0.027027027027027025), (3, 0.02702702702702702), (30, 0.02702702702702702), (33, 0.02702702702702702), (12, 0.027027027027027018), (16, 0.027027027027027018), (18, 0.027027027027027018), (20, 0.027027027027027018), (34, 0.027027027027027018), (6, 0.027027027027027015), (21, 0.027027027027027015), (27, 0.027027027027027015), (28, 0.027027027027027015), (31, 0.027027027027027015), (4, 0.02702702702702701), (11, 0.02702702702702701), (32, 0.02702702702702701), (0, 0.027027027027027008), (2, 0.027027027027027008), (17, 0.027027027027027008), (19, 0.027027027027027004), (25, 0.027027027027027004)]
["'Jäger'"]: [(15, 0.1531585564885122), (22, 0.1419098187854405), (28, 0.13241657965570938), (5, 0.1016478824894906), (10, 0.08012420771913274), (8, 0.07897970830291783), (26, 0.06733554666682713), (0, 0.06562874193533495), (34, 0.06334115877926506), (9, 0.03543170182983234), (12, 0.033036527610023715), (36, 0.028156638172543692)]
["'Katz'"]: [(21, 0.9419632660936545)]
["'Katzenstein"]: [(8, 0.9486697422805564), (30, 0.037845910513650646)]
["'Katzenstein'"]: [(22, 0.11132382084556398), (8, 0.08751901991839536), (25, 0.08518180065737367), (0, 0.072267370109756), (21, 0.0640813837523931), (32, 0.04660220605889065), (16, 0.043891353400431224), (29, 0.043588764268543995), (30, 0.036239411499655524), (27, 0.035447676026602946), (15, 0.027439591442882674), (28, 0.02670078424327555), (2, 0.025955795134811162), (1, 0.024641544121025722), (10, 0.024626991489332863), (3, 0.02338551391374708), (24, 0.02235461131100583), (9, 0.021672038721470218), (19, 0.02054455138348991), (12, 0.01695853797378655), (17, 0.01578315373053623), (33, 0.013931994030453738), (11, 0.013211603410001813), (26, 0.012578135392068196), (31, 0.011564921570107373), (35, 0.010491733824895015), (7, 0.010136390168919237)]
["'Kessal-Wulf"]: [(8, 0.9648351823648024), (33, 0.03506432226431641)]
["'Kessal-Wulf'"]: [(8, 0.6648884343611509), (36, 0.33510715157861226)]
["'Kessal-Wulff"]: [(23, 0.9006887974375893), (17, 0.0678017496718824)]
["'Kessal-Wulff'"]: [(27, 0.6622452467369984), (8, 0.10862311883491346), (29, 0.08943837394455036), (33, 0.03524275336819288)]
["'Khling'"]: [(14, 0.027027027027027053), (8, 0.02702702702702705), (17, 0.027027027027027042), (21, 0.02702702702702704), (29, 0.02702702702702704), (1, 0.027027027027027035), (3, 0.027027027027027035), (27, 0.027027027027027035), (13, 0.027027027027027032), (24, 0.027027027027027032), (5, 0.02702702702702703), (15, 0.02702702702702703), (18, 0.02702702702702703), (9, 0.027027027027027025), (19, 0.027027027027027025), (30, 0.027027027027027025), (32, 0.027027027027027025), (36, 0.027027027027027025), (11, 0.02702702702702702), (12, 0.02702702702702702), (23, 0.02702702702702702), (33, 0.02702702702702702), (6, 0.027027027027027018), (25, 0.027027027027027018), (34, 0.027027027027027018), (35, 0.027027027027027018), (0, 0.027027027027027015), (7, 0.027027027027027015), (16, 0.027027027027027015), (28, 0.02702702702702701), (22, 0.027027027027027008), (31, 0.027027027027027008), (10, 0.027027027027027), (2, 0.027027027027026997), (20, 0.027027027027026997), (26, 0.027027027027026997), (4, 0.027027027027026994)]
["'Kirchhof"]: [(8, 0.9836935952925773), (36, 0.016267511273179262)]
["'Kirchhof'"]: [(8, 0.9999958546649724)]
["'Klaas'"]: [(12, 0.5789325184815862), (13, 0.3635744133343205)]
["'Klein'"]: [(33, 0.5711878867740436), (8, 0.4287692688610007)]
["'Kruis"]: [(10, 0.7734410548459684), (7, 0.15763087979814908), (36, 0.06289776750948461)]
["'Kruis'"]: [(8, 0.9999630294195541)]
["'König"]: [(27, 0.4437216228646516), (17, 0.28202222070669025), (8, 0.15768545551497692), (19, 0.10316204865821628), (25, 0.013387738642231545)]
["'König'"]: [(8, 0.6388014527511023), (17, 0.2630426987032245), (6, 0.08722247448001987), (4, 0.010923770475480462)]
["'Kühling"]: [(8, 0.9994978477712855)]
["'Kühling'"]: [(27, 0.9999900367201981)]
["'Landau"]: [(8, 0.9736064824947664), (17, 0.01444371020941186), (29, 0.010544930894757457)]
["'Landau'"]: [(8, 0.5313462185422718), (36, 0.30979881712568724), (23, 0.15839843948125912)]
["'Langenfeld"]: [(17, 0.3497798138499562), (23, 0.33895004779035964), (27, 0.27130053658618447), (5, 0.02902063398545194), (11, 0.010931745467447167)]
["'Langenfeld'"]: [(36, 0.7765802796023845), (16, 0.14154487376796243), (8, 0.07207189350409055)]
["'Lehmann"]: [(34, 0.6079746674084988), (14, 0.21637423090232785), (35, 0.12037530757477495), (32, 0.04485060777602462)]
["'Lehmann'"]: [(26, 0.96376983167195)]
["'Leuser'"]: [(14, 0.9433461548372358)]
["'Limbach'"]: [(8, 0.9999747995197352)]
["'Lübbe-Woff"]: [(19, 0.6936157099673068), (7, 0.010404105335092974), (33, 0.010299476815172981), (16, 0.010196454057899885)]
["'Lübbe-Woff'"]: [(31, 0.03238735571784271), (4, 0.032244778487629265), (5, 0.03146083265947656), (9, 0.03064479938592904), (1, 0.030620067077347688), (12, 0.02990464268539237), (27, 0.029429875595018525), (17, 0.029221423054972582), (20, 0.02910365760075337), (22, 0.0288205789000525), (32, 0.028762574916136308), (19, 0.02827444476254819), (30, 0.02823053247270115), (6, 0.02803403424975601), (16, 0.027810701992367712), (10, 0.027501405180441335), (18, 0.02718706449560682), (13, 0.027092282449823497), (33, 0.026802207741198517), (15, 0.026762336907520216), (23, 0.026713463409221212), (25, 0.02658485140238363), (36, 0.02622480541283742), (29, 0.026151509498365623), (7, 0.025928642357544374), (34, 0.025417285982790586), (26, 0.02515808261414046), (2, 0.025156325192358123), (28, 0.02509862610410532), (3, 0.024709589173372976), (11, 0.024638436121047668), (21, 0.024165362550469062), (0, 0.023863518205558362), (14, 0.023395811790921765), (24, 0.0228157989153625), (8, 0.022257683946383406), (35, 0.021424610990622973)]
["'Lübbe-Wolff"]: [(8, 0.9995913545458931)]
["'Lübbe-Wolff'"]: [(17, 0.8310289337230595), (6, 0.16896516763699487)]
["'Mahrenholz'"]: [(8, 0.6350312521224463), (20, 0.15397895680539617), (15, 0.14140749742863143), (35, 0.06937074716270937)]
["'Maidowski"]: [(17, 0.7551977345175835), (8, 0.24161809109945293)]
["'Maidowski'"]: [(36, 0.9132629219054983), (3, 0.05891916840130013), (25, 0.02175803362251738)]
["'Masing"]: [(8, 0.7966307883548878), (34, 0.09778010418239451), (27, 0.09117484379533847)]
["'Masing'"]: [(27, 0.6867682665586644), (17, 0.11889145719228873), (32, 0.05673154189325696), (16, 0.04672820039313677), (6, 0.02101286489080832), (4, 0.017159545076800488), (3, 0.014822620023256234), (5, 0.014236946008121514)]
["'Mellinghoff"]: [(36, 0.65464369737635), (17, 0.3453520580699509)]
["'Mellinghoff'"]: [(8, 0.9999934015851227)]
["'Mitwirkung'"]: [(4, 0.08212005191453295), (27, 0.03220726672830551), (33, 0.032026339412401794), (36, 0.0317161636551459), (17, 0.030931595442076645), (3, 0.030223038601760868), (21, 0.02778813844589387), (13, 0.027509786629164666), (26, 0.02749167930053833), (35, 0.02726676840919871), (5, 0.02704164470238585), (8, 0.026937899626270842), (6, 0.02665650226408216), (20, 0.02664228301131707), (18, 0.026430289715046323), (28, 0.02556492985259001), (11, 0.025460690439295868), (34, 0.02524004859370786), (31, 0.025115863967297338), (19, 0.02504205658417171), (24, 0.024986186420803753), (25, 0.024870914370236124), (15, 0.024559762217513284), (16, 0.02436962077015044), (9, 0.024063596444327137), (7, 0.024028525768269617), (14, 0.023899060644842634), (2, 0.023348625832358586), (29, 0.023108257093786864), (32, 0.022819760091323093), (12, 0.022806654673398395), (23, 0.022142928877911767), (0, 0.02207059655745086), (1, 0.021064915543576885), (10, 0.020985019663754368), (30, 0.02084663475657913), (22, 0.020615902978532982)]
["'Müller"]: [(8, 0.5473697045133468), (23, 0.2980852527713269), (17, 0.13430961440764602), (5, 0.02020135632730941)]
["'Müller'"]: [(8, 0.5656613323592591), (36, 0.3174132334014822), (6, 0.06746914016722685), (15, 0.024338116102662774), (29, 0.013520640713340968)]
["'Niebler'"]: [(20, 0.08067401840360476), (8, 0.08038229018045939), (6, 0.058028769421924906), (19, 0.05602444874697142), (36, 0.055844033701387685), (35, 0.051384102916056586), (4, 0.04707859060682837), (31, 0.04474745196899182), (15, 0.04460997866577275), (26, 0.04262208159994237), (1, 0.034527488744129566), (11, 0.03249637912035374), (16, 0.031521678534035376), (21, 0.031104620368362874), (3, 0.030655599371085925), (12, 0.030297207908266375), (9, 0.02594663280694562), (10, 0.025530364011953313), (13, 0.023694586719183678), (18, 0.016713804326489935), (29, 0.01612258201686019), (23, 0.014006932279858258), (34, 0.01343142586481319), (32, 0.012458358313796127), (5, 0.011280008876579463), (14, 0.01117126029922873), (0, 0.010842899675685616), (30, 0.010716852798538179), (27, 0.010296737025969869), (7, 0.010114455594170685)]
["'Niedermaier"]: [(25, 0.09670826541738366), (29, 0.059637762539039345), (33, 0.056599290419773095), (22, 0.05542009349735046), (21, 0.05515783280455528), (0, 0.050280806795799465), (30, 0.0440849996013161), (8, 0.0438342071646769), (28, 0.0375612073884851), (32, 0.03629035368754763), (1, 0.035502476081060476), (12, 0.03457795065100238), (16, 0.03445037449990013), (4, 0.03395590544959374), (26, 0.03381845718732039), (3, 0.030347672590986786), (5, 0.029946698061817607), (35, 0.024052468997391364), (27, 0.022755969092356665), (17, 0.020731991831211813), (24, 0.02030876110229295), (10, 0.019049281332327504), (31, 0.017600264959869983), (2, 0.01742249498852816), (13, 0.016959614384053936), (9, 0.016208571101766225), (15, 0.013486351771155996), (20, 0.011844701579656208)]
["'Niemeyer'"]: [(25, 0.10151407654351204), (0, 0.05980187741599752), (1, 0.05687145751402936), (27, 0.05497968777633869), (10, 0.053592708554676), (32, 0.05007140151240762), (15, 0.04955665667701187), (30, 0.047946465269353214), (22, 0.04770984333995742), (8, 0.03551173673772284), (33, 0.035343027186675854), (21, 0.0345997910144337), (29, 0.0334498106663662), (11, 0.03309569058713199), (12, 0.027834316748796502), (19, 0.02711872313915175), (26, 0.025001624462456053), (3, 0.023458230290074975), (16, 0.023062933324897818), (23, 0.02061579618872657), (17, 0.020009330733076258), (9, 0.019438012467967947), (34, 0.019419962782514195), (13, 0.016329082044406203), (14, 0.01305722674280962), (2, 0.013023590624389106), (35, 0.012383842438524424), (28, 0.010116743224460456)]
["'Osterloh"]: [(8, 0.9999036905288854)]
["'Osterloh'"]: [(8, 0.9999902002870399)]
["'Ott"]: [(8, 0.8441344990516569), (11, 0.10197394509873824), (17, 0.03508295500962619)]
["'Ott'"]: [(27, 0.7349031861628891), (16, 0.15857498959758556), (36, 0.06407213707794852), (5, 0.030509019762256045), (33, 0.011874589936680916)]
["'Papier'"]: [(8, 0.8342919361268573), (27, 0.15754998601131978)]
["'Paulus"]: [(8, 0.9719481371559743), (3, 0.028015711065022104)]
["'Paulus'"]: [(8, 0.6138480297321565), (27, 0.3378457795805954), (19, 0.02007679690659023), (26, 0.016417203877178224), (15, 0.011806372454642314)]
["'Radtke"]: [(8, 0.9041221837345558), (3, 0.08646134766896305)]
["'Radtke'"]: [(36, 0.5302508148475624), (15, 0.10125460032423815), (14, 0.08160533440401342), (12, 0.06132017371174364), (6, 0.051494203828364934), (11, 0.03644555707591876), (22, 0.03148400868762134), (28, 0.02561240007679226), (29, 0.02089109617218822), (9, 0.01031704960601724), (34, 0.010171655849330866)]
["'Rinck'"]: [(15, 0.08174744211791328), (35, 0.07603506006228611), (20, 0.0727214286103106), (4, 0.06737055379302266), (6, 0.05657833627346603), (19, 0.054427161613071075), (16, 0.04738672202283646), (12, 0.04460971521653479), (7, 0.042162514013737266), (8, 0.0317842472542307), (31, 0.029834037253895457), (33, 0.02969238673394873), (21, 0.029588279669333292), (0, 0.02952205140336142), (14, 0.027916987994616848), (26, 0.025704840987123622), (13, 0.02526415392415745), (36, 0.025248629111349292), (9, 0.022736196874585807), (3, 0.0222796677526297), (10, 0.021304187261892996), (11, 0.017014661364319124), (23, 0.01507136478157168), (17, 0.014727669363476678), (1, 0.011839444875532292), (34, 0.011808306957896792), (29, 0.011675887276726438), (32, 0.010608232622031014), (22, 0.010524317647414917)]
["'Ritterspach"]: [(1, 0.2535677539075378), (21, 0.18798485410859325), (29, 0.13755425564517076), (28, 0.1310962766287397), (32, 0.12901725097777633), (11, 0.041870403747221584), (8, 0.03814872231332198), (0, 0.03531785478972538), (36, 0.02768608710868693), (35, 0.014816182948913584)]
["'Ritterspach'"]: [(26, 0.9968219306544774)]
["'Roediger'"]: [(33, 0.942775445283282)]
["'Rottmann"]: [(15, 0.12384566446415603), (20, 0.09002552482067898), (6, 0.06519806587651375), (14, 0.05585498595095677), (35, 0.051373710727548094), (4, 0.050785454902341085), (21, 0.04698607800783269), (26, 0.03893487136959795), (8, 0.03425449134817687), (19, 0.03239668712616548), (9, 0.031216737351145402), (33, 0.02932685126802488), (16, 0.025210110850391484), (10, 0.025070812135465866), (12, 0.024175824269002933), (28, 0.02346629107686355), (7, 0.019776162942536604), (30, 0.0191482834279132), (29, 0.01911685915292007), (3, 0.018290354483771025), (36, 0.01823671485893129), (11, 0.017904535603738253), (23, 0.016766623327472353), (13, 0.01625780774218106), (17, 0.015588784636499839), (1, 0.014905708324826452), (0, 0.013626314777273793), (32, 0.013090470476032718), (31, 0.011817142311283243), (2, 0.011532776970396777)]
["'Rottmann'"]: [(15, 0.07936478472026345), (35, 0.07148378710889373), (6, 0.05640378255596448), (16, 0.050214406474523396), (20, 0.048828337411579964), (14, 0.04866898120686027), (31, 0.046001150591027794), (11, 0.043139437766718816), (12, 0.039918099976077856), (8, 0.038558506441248454), (10, 0.03752883886125593), (36, 0.035807303083700295), (9, 0.03568642421276132), (1, 0.0330802414082918), (33, 0.030183166356521), (13, 0.030041452987286554), (19, 0.02995333415739215), (21, 0.027863429329524278), (23, 0.027107670863785866), (4, 0.02657139136838896), (3, 0.02548348535163937), (28, 0.02410679389437843), (17, 0.02093378950365499), (0, 0.019179425251023927), (26, 0.015045810761853913), (29, 0.014242818043063968), (7, 0.013397870849054994), (30, 0.010122883182264269)]
["'Rupp'"]: [(27, 0.9437171504797739)]
["'Scheffler'"]: [(8, 0.9238190842802404), (3, 0.06247214996262758), (16, 0.01248635627597)]
["'Schluckebier"]: [(8, 0.8479522567761789), (27, 0.12625807857566976), (36, 0.02578556065764506)]
["'Schluckebier'"]: [(33, 0.7069277029312364), (27, 0.29306984276326725)]
["'Scholtissek'"]: [(29, 0.949567248520199), (3, 0.04918519657605371)]
["'Seibert"]: [(27, 0.5058757747364114), (16, 0.2661329766164002), (8, 0.22713275834442212)]
["'Seibert'"]: [(33, 0.9978202380097607)]
["'Seidl"]: [(17, 0.9995882444502906)]
["'Seidl'"]: [(8, 0.9999572160514593)]
["'Simon'"]: [(8, 0.3805070652824977), (36, 0.37804672283277735), (19, 0.13313136553725724), (30, 0.0637213584161602), (15, 0.02582960637220024), (2, 0.018179377305484468)]
["'Sommer"]: [(8, 0.8851794695532638), (17, 0.11353632772395574)]
["'Sommer'"]: [(36, 0.9999953154659582)]
["'Stein'"]: [(20, 0.9986984792459233)]
["'Steinberger'"]: [(15, 0.08522181838229789), (6, 0.06710667610360782), (20, 0.0609989786473762), (8, 0.05790466642244192), (12, 0.05597319657804772), (10, 0.05197639626043896), (3, 0.05018103685901726), (31, 0.049245995691465726), (14, 0.0412753136629884), (21, 0.03918839587748983), (4, 0.03915237395222839), (35, 0.03900261179966584), (13, 0.03149744923952187), (19, 0.03147479776302097), (36, 0.031002899038801057), (17, 0.02513831861359486), (30, 0.024860260913965933), (7, 0.02453998300986078), (0, 0.02271542874821366), (9, 0.02228150775998786), (28, 0.021300674581734083), (27, 0.019625647998247356), (16, 0.018232652292709532), (11, 0.015571817787527078), (33, 0.014624786143538097), (23, 0.01433781276919924), (18, 0.01389344313125815)]
["'Steiner"]: [(8, 0.9999420321333418)]
["'Steiner'"]: [(27, 0.5751712592142665), (36, 0.367020990003888), (8, 0.045786775472826065), (33, 0.012018251562266867)]
["'Söllner'"]: [(27, 0.6807845376513136), (8, 0.31918506934577157)]
["'Träger'"]: [(15, 0.0940944981750431), (20, 0.06394011997183002), (35, 0.06062309578474384), (8, 0.059107895907588776), (14, 0.05855229696475015), (4, 0.058490374078305644), (10, 0.044109798207230426), (31, 0.038781109116176785), (33, 0.038283938960198764), (6, 0.03709930811857621), (19, 0.0358581097011132), (21, 0.032648264290183845), (17, 0.030384224918339267), (26, 0.029521189735555658), (7, 0.029479130869499045), (16, 0.027614986743310123), (30, 0.025195417890958284), (1, 0.02357419575142513), (9, 0.022834080921802485), (3, 0.022484406160761142), (27, 0.022250384189390564), (12, 0.02170195157340811), (2, 0.02023452726738231), (28, 0.019277298909824256), (11, 0.016727099612386942), (36, 0.01307794145417655), (13, 0.012166672421811348), (22, 0.010981984791002587)]
["'Vosskuhle'"]: [(17, 0.5794264490844316), (36, 0.22732267123973343)]
["'Voßkuhle'"]: [(36, 0.825796898375079), (27, 0.174181067063821)]
["'Wallrabensein"]: [(36, 0.7226450511904713), (6, 0.03915438768798792), (9, 0.019519917331760797), (10, 0.016261812972941755), (17, 0.01196916402455492)]
["'Wallrabenstein"]: [(27, 0.7233943472527804), (17, 0.21494963837281095), (11, 0.030143606638032564), (5, 0.0228384819246669)]
["'Wallrabenstein'"]: [(6, 0.5694433152972562), (16, 0.21048785797868927), (15, 0.041111925734909516), (4, 0.031688907162024944), (35, 0.013256786785333772), (34, 0.012673813493542359), (21, 0.011532911876778879)]
["'Wand'"]: [(6, 0.0757545316687136), (15, 0.07107009149611697), (10, 0.05970906498908015), (14, 0.05077176508277654), (19, 0.04574799475221099), (7, 0.04537737665437667), (20, 0.04499936453882549), (31, 0.04445738027105899), (26, 0.04275891817406885), (8, 0.04251872919557539), (11, 0.041293533786599834), (33, 0.03979717498969551), (12, 0.03834994627520961), (16, 0.03330553392709915), (35, 0.031107084982599117), (4, 0.030714470101369996), (17, 0.028545549549207953), (1, 0.02717185090349431), (36, 0.023615964593538593), (29, 0.02040204942560051), (9, 0.01836306255476734), (3, 0.017515537256181792), (13, 0.014646374846052294), (22, 0.014084946472280518), (21, 0.013009068867969164), (24, 0.012656576274352386), (18, 0.012305866117929633), (5, 0.01147485040099357), (0, 0.010462011867995636)]
["'Wessel'"]: [(26, 0.5724726311262749), (33, 0.4244375296525154)]
["'Winter"]: [(17, 0.9998560786835734)]
["'Winter'"]: [(8, 0.9999258928363077)]
["'Wintrich'"]: [(0, 0.41943278523391386), (29, 0.3905565730017263), (24, 0.05963593724902468), (10, 0.04090511138150539), (26, 0.03796309197240256), (27, 0.033289089448179696), (32, 0.010232781975021962)]
["'Wolff'"]: [(17, 0.9444660148460323)]
["'Zeidler'"]: [(15, 0.09161442066290111), (20, 0.07930859709253403), (35, 0.07716824929200942), (26, 0.05080957460790933), (8, 0.04680492755963702), (12, 0.0466644632378377), (19, 0.04165850338632519), (10, 0.040498587797272605), (6, 0.03732378248569279), (14, 0.03547587253382103), (16, 0.034368055868840626), (21, 0.029524687062202796), (13, 0.029304800053073444), (17, 0.02912247439264651), (33, 0.028514532914852078), (1, 0.027515198018130422), (3, 0.027189607605687484), (31, 0.02502951276312786), (23, 0.023715988815937318), (11, 0.020971045939113142), (4, 0.01964438179609867), (29, 0.016846563252310796), (32, 0.01681879460643946), (28, 0.016702632923445506), (7, 0.016492841709230495), (0, 0.013439408899920213), (30, 0.012926597073812184), (27, 0.012070968306262711), (36, 0.011941070064300709), (2, 0.010096176521283522)]
["'Zweigert"]: [(17, 0.9642832401495777)]
["'gerichts'"]: [(8, 0.3588135561519315), (36, 0.32457546543549104), (33, 0.13858884801746343)]
["'unter'"]: [(4, 0.10453174427595971), (29, 0.03422980803311721), (36, 0.030987094712736973), (34, 0.03077073541421177), (19, 0.029216886726880633), (33, 0.02846156421573333), (13, 0.027977536323146715), (0, 0.027894294732485368), (8, 0.027672630185116703), (7, 0.02646403613359349), (28, 0.0261803993729203), (22, 0.026138995918312116), (14, 0.025517920757302602), (17, 0.02550975292900944), (9, 0.025437990810362902), (11, 0.025344545126476874), (16, 0.02504424367106116), (23, 0.025028691528756187), (1, 0.024976178870285904), (25, 0.02470968931539764), (35, 0.024684548606538688), (12, 0.02408469809714672), (24, 0.02404354336043148), (3, 0.023654033327651324), (27, 0.023133260656414002), (30, 0.02306753903668186), (10, 0.022988841165610684), (2, 0.022572239976180776), (26, 0.022536640876559877), (21, 0.022144822172016628), (18, 0.022047202460673154), (15, 0.02176260922997326), (31, 0.021246776824515482), (20, 0.021216971711177684), (5, 0.021184904165743788), (32, 0.02004745290280767), (6, 0.017489176377009925)]
['']: [(36, 0.43811194420591754), (8, 0.27399133508147855), (27, 0.14961962577447022), (17, 0.13827065913146308)]
