["'"]: [(18, 0.6011644860868833), (4, 0.39881498276180827)]
["''"]: [(16, 0.9999818911002204)]
["'.'"]: [(4, 0.42688903614061335), (22, 0.2611713333564435), (18, 0.20159695488274026), (20, 0.032563312062202886)]
["'<us>'"]: [(4, 0.04726901265783972), (5, 0.04704798140072819), (18, 0.04568934861847712), (12, 0.04468091439953061), (6, 0.04412227234083709), (17, 0.043241404357639464), (20, 0.04287358232603738), (7, 0.042044340541852535), (3, 0.041837490732873246), (21, 0.04161851562333708), (22, 0.04147609374900425), (11, 0.04043694295841359), (15, 0.039774484250156825), (14, 0.0395413088731307), (23, 0.03936865731179811), (0, 0.03871834022845828), (2, 0.03820250540055819), (16, 0.03724266923375732), (13, 0.036805317195519785), (24, 0.03642088809860155), (19, 0.03629490106551638), (10, 0.03621225048592417), (9, 0.03504773222652723), (1, 0.032910474987826344), (8, 0.031122570935655028)]
["'Baer"]: [(1, 0.7668446253657637), (18, 0.1234327366161483), (22, 0.08112938795333599), (4, 0.02858625178838428)]
["'Baer'"]: [(4, 0.5558522716404233), (22, 0.232978640131479), (7, 0.1445687651406692), (23, 0.05253497117984593), (16, 0.014038265037619702)]
["'Benda'"]: [(8, 0.3614585106801992), (7, 0.29283092902766705), (22, 0.18162336882554628), (4, 0.13240593656131383), (20, 0.031087708330725584)]
["'Berger'"]: [(20, 0.18224679178650371), (24, 0.15288172558698312), (18, 0.11156859163623842), (12, 0.09740589982739552), (10, 0.09149313784602778), (5, 0.08568717546757468), (6, 0.0836042064090954), (2, 0.05673567655494924), (0, 0.047554612293286315), (1, 0.04088934880236375), (16, 0.01625370364256909), (7, 0.013097437152517545)]
["'Britz"]: [(18, 0.7184368088664955), (24, 0.09559313850709693), (4, 0.09427147357523351), (5, 0.06830327133456555), (22, 0.023362188150277376)]
["'Britz'"]: [(7, 0.7759672340408198), (0, 0.1525559808493805), (17, 0.057029639986399726), (23, 0.014418215807532988)]
["'Bro'"]: [(2, 0.9667081814633439), (3, 0.017474475562055426)]
["'Broß"]: [(22, 0.9999039500517775)]
["'Broß'"]: [(22, 0.9847302053723264), (17, 0.015267748692404041)]
["'Bryde"]: [(1, 0.6719996823020067), (6, 0.32798447274083364)]
["'Bryde'"]: [(7, 0.5477319204609229), (5, 0.4405406349738543), (3, 0.011720721907120648)]
["'Böckenförde'"]: [(6, 0.7804268916335239), (10, 0.14672868096029099), (22, 0.07280529743039077)]
["'Böhmer'"]: [(7, 0.5159923119077425), (20, 0.291553867401541), (22, 0.1783280415920798)]
["'Christ"]: [(1, 0.9012692046763147), (22, 0.057489095967238224), (4, 0.03245687853739743)]
["'Christ'"]: [(22, 0.3098097934103248), (4, 0.30896290811210547), (6, 0.14948947525482267), (0, 0.14305255000237324), (1, 0.029297335261957064), (19, 0.022346377164335195), (21, 0.014633642637838014), (7, 0.011248046123648997)]
["'DiFabio"]: [(6, 0.9999733063631977)]
["'DiFabio'"]: [(22, 0.9999713709955574)]
["'Di\\xa0Fabio"]: [(22, 0.9986634159265297)]
["'Di\\xa0Fabio'"]: [(22, 0.8064846843728491), (3, 0.18981144307560405)]
["'Dieterich'"]: [(20, 0.49113301298707124), (22, 0.37309393985415196), (4, 0.13571199907073125)]
["'Drath'"]: [(23, 0.6814260962073481), (7, 0.3172830752883512)]
["'Eichberger"]: [(1, 0.5803797779366499), (18, 0.4081872277275894), (4, 0.011163493547536535)]
["'Eichberger'"]: [(22, 0.5005094228742094), (4, 0.3033851493397453), (1, 0.157058371884786), (13, 0.037729501982101184)]
["'Ellinghaus'"]: [(4, 0.9515142476679648), (23, 0.012370335945044884)]
["'Faller'"]: [(11, 0.5737716713768578), (22, 0.21151938347021637), (24, 0.12370801566628456), (6, 0.07756057048418699)]
["'Federer"]: [(20, 0.9422164983596651)]
["'Friesenhahn'"]: [(22, 0.9419587753319998)]
["'Fröhlich'"]: [(20, 0.9422164983596651)]
["'Gaier"]: [(4, 0.5362646110051257), (1, 0.27782067498523644), (19, 0.18207555951021065)]
["'Gaier'"]: [(1, 0.6252890229224372), (18, 0.3747091878001484)]
["'Geiger'"]: [(20, 0.9422164983596651)]
["'Gerhard"]: [(18, 0.6593386530213907), (5, 0.2967318303179202)]
["'Gerhardt"]: [(22, 0.4965839474224338), (1, 0.3300849884266882), (6, 0.14787537599697714), (18, 0.017805854054173894)]
["'Gerhardt'"]: [(1, 0.778278683877234), (18, 0.12978601853565122), (8, 0.09191750586704876)]
["'Graßhof"]: [(22, 0.9952640804117011)]
["'Graßhof'"]: [(22, 0.9999914744198999)]
["'Grimm"]: [(5, 0.5501095032555051), (13, 0.4301365292699392)]
["'Grimm'"]: [(4, 0.9999924238420953)]
["'H.-J.Rinck'"]: [(22, 0.22357837229631308), (16, 0.09034195679489201), (14, 0.08339324266815581), (2, 0.07079031710621538), (10, 0.0645790674419755), (20, 0.04229745073396889), (13, 0.038883886011112756), (12, 0.037028974418471486), (6, 0.03612924018291646), (9, 0.035927789045227074), (21, 0.03413529553355691), (7, 0.03226022437889515), (23, 0.029832338492546302), (8, 0.029761849970150214), (3, 0.02515633476704247), (0, 0.023361240481313116), (17, 0.02144715666252443), (1, 0.018914731888645595), (5, 0.018608570117699577), (24, 0.016534189443122033)]
["'Haas"]: [(20, 0.9548972008004049), (16, 0.04491630706610131)]
["'Haas'"]: [(4, 0.999991405949137)]
["'Harbarth'"]: [(20, 0.31682904723454836), (22, 0.2686243236376655), (4, 0.24758252167283332), (24, 0.1669293313255192)]
["'Hasseme"]: [(17, 0.9759400118838054)]
["'Hassemer"]: [(22, 0.9999667543641154)]
["'Hassemer'"]: [(22, 0.9999968424170966)]
["'Heck'"]: [(6, 0.6617467919999226), (10, 0.08726311640262484), (11, 0.08542490647058648), (20, 0.05908754074571998), (12, 0.05505140161307887), (18, 0.02911447782749918), (2, 0.015009604315728524)]
["'Heiland'"]: [(24, 0.8425286141083842), (15, 0.1565116681524213)]
["'Henneka'"]: [(3, 0.941576968582408)]
["'Henschel'"]: [(22, 0.5769091621606651), (7, 0.24521113050087506), (4, 0.17785074421234823)]
["'Hentschel'"]: [(6, 0.31637935169619336), (21, 0.09925323300424387), (22, 0.0846455957799436), (20, 0.08320227555948649), (12, 0.07769337817237923), (18, 0.07225698541410001), (16, 0.049256255955995525), (4, 0.0416419123472129), (2, 0.040757450395543154), (23, 0.03945329449338757), (0, 0.03621096842674475), (1, 0.02277675354204591), (9, 0.01624856727339109), (7, 0.013082402668714467)]
["'Hermanns"]: [(20, 0.6706369616044299), (22, 0.32826905877864415)]
["'Hermanns'"]: [(6, 0.39407206059786953), (14, 0.3404286647976194), (20, 0.21320156692231781), (8, 0.05228821245003052)]
["'Herrmanns'"]: [(14, 0.45399477045019626), (8, 0.2848397093624822), (0, 0.042801507893333424), (21, 0.04211474249024208), (12, 0.040164061555616415), (13, 0.03213669848396409), (2, 0.02518814535442411), (20, 0.025080170281542316), (24, 0.016153184940546104), (4, 0.01371453807698206)]
["'Herzog'"]: [(10, 0.8971075468102013), (4, 0.0684705832676552), (22, 0.0341602002431231)]
["'Hesse'"]: [(7, 0.3171094373821954), (20, 0.31405258527813623), (0, 0.15495713308487333), (22, 0.12883045553042244), (11, 0.04518052272899961), (14, 0.03930448311976582)]
["'Heußner'"]: [(0, 0.12210955391573217), (1, 0.11258456556674), (23, 0.09497916893313829), (21, 0.06561234212043646), (2, 0.06339349821083026), (16, 0.048619696965742316), (18, 0.04607336509891743), (22, 0.04394149649444957), (7, 0.042304485205898655), (8, 0.034174769098429814), (5, 0.03300950329225717), (13, 0.03117433985779013), (19, 0.029989570878926383), (20, 0.02955820220672462), (9, 0.028214324444799488), (15, 0.026502803224140756), (11, 0.026470480213399424), (10, 0.02537070948485509), (4, 0.024989925337115193), (14, 0.02000369719334254), (3, 0.019290726943227435), (12, 0.018075656237482328), (17, 0.013232967126313607)]
["'Hmig'"]: [(21, 0.04000000015615633), (7, 0.04000000012904435), (16, 0.04000000010936806), (23, 0.04000000006843138), (9, 0.04000000004739803), (3, 0.04000000004672804), (2, 0.040000000046340224), (14, 0.04000000002790698), (15, 0.04000000002041752), (20, 0.04000000001458095), (10, 0.04000000000680054), (18, 0.03999999999794143), (24, 0.039999999993126645), (8, 0.03999999998626454), (1, 0.03999999998500046), (5, 0.03999999997750643), (11, 0.03999999997737735), (17, 0.039999999971562276), (22, 0.039999999966148406), (0, 0.03999999996091022), (12, 0.03999999995478029), (13, 0.03999999990989715), (19, 0.03999999990627133), (4, 0.03999999989530771), (6, 0.03999999984473323)]
["'Hoffmann-Riem"]: [(4, 0.9999948970397001)]
["'Hoffmann-Riem'"]: [(22, 0.6310330537918948), (0, 0.29205066329631835), (20, 0.07690111348812013)]
["'Hohmann-Dennhard"]: [(5, 0.040000000004874275), (8, 0.04000000000407675), (0, 0.04000000000270287), (18, 0.04000000000238923), (22, 0.040000000001876805), (11, 0.04000000000182316), (4, 0.04000000000127665), (19, 0.04000000000111321), (2, 0.04000000000101476), (21, 0.04000000000083808), (23, 0.04000000000077214), (24, 0.03999999999997914), (10, 0.03999999999974433), (9, 0.03999999999944131), (17, 0.03999999999941542), (3, 0.03999999999901658), (12, 0.03999999999884949), (6, 0.0399999999986733), (15, 0.039999999998358744), (20, 0.03999999999786609), (16, 0.039999999997771665), (1, 0.039999999997634435), (14, 0.03999999999746259), (7, 0.039999999996800005), (13, 0.03999999999622903)]
["'Hohmann-Dennhardt"]: [(18, 0.9999788627241454)]
["'Hohmann-Dennhardt'"]: [(4, 0.5720821666951333), (5, 0.3012740096736316), (24, 0.07203551352964908), (6, 0.05460413158324279)]
["'Huber"]: [(22, 0.8214257510568101), (6, 0.15672043514511827), (15, 0.012436986097605386)]
["'Huber'"]: [(22, 0.6201074961231176), (4, 0.3496225809834503), (21, 0.02999672981662501)]
["'Härtel"]: [(1, 0.3888960996544221), (22, 0.23518204513385949), (4, 0.1175655408922721), (5, 0.1020882428528702), (20, 0.0895808843902241), (18, 0.06665121467864527)]
["'Hömig"]: [(1, 0.9995294996919072)]
["'Hömig'"]: [(22, 0.8238345355276186), (6, 0.17615638107082282)]
["'Höpker-Aschoff'"]: [(1, 0.9636339341515432)]
["'Jaeger"]: [(9, 0.510217855073012), (2, 0.4896639615473201)]
["'Jaeger'"]: [(18, 0.9999838951544049)]
["'Jentsch"]: [(22, 0.9996221797698461)]
["'Jentsch'"]: [(4, 0.9999896107135056)]
["'Jentsch;'"]: [(20, 0.04000000000372257), (6, 0.04000000000367821), (22, 0.04000000000332376), (5, 0.04000000000238424), (10, 0.040000000002223236), (17, 0.04000000000179424), (11, 0.04000000000146718), (3, 0.040000000001323074), (18, 0.04000000000131532), (4, 0.040000000000578496), (2, 0.04000000000054656), (9, 0.040000000000509295), (8, 0.040000000000267766), (12, 0.04000000000023732), (24, 0.03999999999989963), (15, 0.03999999999968738), (16, 0.03999999999934836), (1, 0.039999999999150444), (14, 0.03999999999891235), (0, 0.039999999998642725), (21, 0.0399999999981229), (7, 0.03999999999750501), (13, 0.03999999999715867), (23, 0.03999999999463934), (19, 0.039999999993561935)]
["'Jäger'"]: [(6, 0.2153262835076984), (9, 0.15311648367256905), (12, 0.09849472323214298), (21, 0.07192031433924692), (20, 0.062694673184299), (11, 0.062432393897047966), (18, 0.057126644726933476), (4, 0.05526758890776811), (13, 0.05444474878832027), (8, 0.05419182327727757), (23, 0.047175834818170316), (5, 0.04339130963348506), (17, 0.015081510423947897)]
["'Katz'"]: [(1, 0.9410762477415588)]
["'Katzenstein"]: [(2, 0.3579631454627495), (8, 0.30075778685221344), (18, 0.1117450673544699), (19, 0.11165884052426714), (13, 0.08213982644308301), (14, 0.023336522513231914)]
["'Katzenstein'"]: [(0, 0.13373355586708274), (1, 0.11284999263652047), (23, 0.11007296938144125), (8, 0.08178327474792801), (2, 0.07727438855570548), (16, 0.06699648276098633), (13, 0.05706983935544447), (21, 0.0429464879973971), (7, 0.03969179431507882), (10, 0.030744551961319644), (17, 0.028167204526634296), (3, 0.028087261369159892), (11, 0.022637208993144302), (22, 0.021073615572862196), (19, 0.02027580657790333), (9, 0.020176504011405062), (5, 0.019898467430323814), (15, 0.018699568540316423), (18, 0.016747193855307495), (20, 0.013515635253275414), (4, 0.012577098779118948), (12, 0.011618558518588255)]
["'Kessal-Wulf"]: [(22, 0.9866661080154884), (6, 0.013227506861565454)]
["'Kessal-Wulf'"]: [(4, 0.4961935826054374), (22, 0.39816128687041485), (6, 0.10564086957129772)]
["'Kessal-Wulff"]: [(22, 0.9239700860407459), (15, 0.03221272900849965), (6, 0.024122415346583274)]
["'Kessal-Wulff'"]: [(22, 0.6113777103727058), (5, 0.20601600396381037), (18, 0.0990479339915102)]
["'Khling'"]: [(22, 0.04000000000432697), (3, 0.04000000000358805), (2, 0.04000000000358075), (16, 0.040000000003334306), (5, 0.04000000000297525), (11, 0.04000000000149306), (9, 0.04000000000113193), (6, 0.04000000000109836), (18, 0.040000000001005565), (7, 0.04000000000089908), (0, 0.04000000000084329), (12, 0.04000000000063128), (21, 0.04000000000061146), (4, 0.04000000000031315), (14, 0.03999999999968083), (8, 0.039999999999568936), (10, 0.03999999999943502), (15, 0.03999999999898467), (19, 0.03999999999849796), (1, 0.03999999999842), (17, 0.03999999999774304), (20, 0.03999999999685234), (24, 0.039999999996424465), (13, 0.039999999994518566), (23, 0.03999999999404187)]
["'Kirchhof"]: [(22, 0.9999592852956937)]
["'Kirchhof'"]: [(20, 0.9999954726147315)]
["'Klaas'"]: [(24, 0.9422565904415214)]
["'Klein'"]: [(22, 0.9999545359429275)]
["'Kruis"]: [(24, 0.5056370511990793), (6, 0.2379303938342702), (18, 0.1724986482517415), (7, 0.0769816512779021)]
["'Kruis'"]: [(22, 0.9999618611148767)]
["'König"]: [(20, 0.45483861501430434), (6, 0.26141439665098537), (1, 0.11903291479559229), (15, 0.10378513625643584), (22, 0.04762699838896681), (19, 0.013283193193527127)]
["'König'"]: [(22, 0.9393732036415021), (20, 0.049567387588811046), (12, 0.01105013704057587)]
["'Kühling"]: [(9, 0.9593616178526914), (18, 0.04012388183472091)]
["'Kühling'"]: [(22, 0.9999896283124705)]
["'Landau"]: [(22, 0.9603598647672822), (23, 0.03690694858937958)]
["'Landau'"]: [(22, 0.9448716798846258), (23, 0.021636459651577084), (6, 0.021149429566484464), (5, 0.011841860642170469)]
["'Langenfeld"]: [(1, 0.5471422214106663), (22, 0.40179141846332295), (5, 0.03444411424023276), (15, 0.010397968689581783)]
["'Langenfeld'"]: [(4, 0.7308070106475644), (22, 0.1464705643778676), (20, 0.08701941957824036), (19, 0.020804319155028485), (18, 0.010129678806651634)]
["'Lehmann"]: [(6, 0.5060349768413507), (20, 0.2658564762322077), (11, 0.12540352141686603), (5, 0.0613811907939456), (8, 0.033043427545584404)]
["'Lehmann'"]: [(14, 0.9628285816211177)]
["'Leuser'"]: [(11, 0.9408810085644104)]
["'Limbach'"]: [(18, 0.9999713765779717)]
["'Lübbe-Woff"]: [(14, 0.6244331474129363), (19, 0.10669244562288782), (6, 0.0623743490287832), (8, 0.011594051775874569), (1, 0.011047145167121544), (21, 0.01101773836822376), (13, 0.010652216266818317), (23, 0.01051841055250482)]
["'Lübbe-Woff'"]: [(19, 0.04668027311029093), (13, 0.043744841281648995), (24, 0.04321146683206329), (22, 0.04320536887428987), (20, 0.04262949882847082), (1, 0.041947160378557356), (9, 0.04189751590634626), (4, 0.041870815629073785), (0, 0.04181221330672317), (21, 0.041745212342502246), (12, 0.041388297265706926), (14, 0.04064790321810497), (15, 0.03983450250860782), (18, 0.03978391903881674), (10, 0.03976130271285055), (7, 0.038933005536999854), (23, 0.038549026364768126), (2, 0.03843229846862111), (3, 0.03809184611070207), (16, 0.0377465906175662), (5, 0.037095769845389016), (17, 0.03695041789269183), (6, 0.03574397993826856), (8, 0.03568496942946459), (11, 0.03261180456147494)]
["'Lübbe-Wolff"]: [(22, 0.9030056264944495), (6, 0.09697119631676616)]
["'Lübbe-Wolff'"]: [(20, 0.9999944195328393)]
["'Mahrenholz'"]: [(22, 0.8036378383136773), (16, 0.19613269704513805)]
["'Maidowski"]: [(6, 0.4748295685004755), (1, 0.3181855262440323), (22, 0.19382965155032061), (5, 0.013145251950045312)]
["'Maidowski'"]: [(8, 0.5576718833217325), (6, 0.28373325547819245), (20, 0.1585772830437512)]
["'Masing"]: [(1, 0.4786424559434598), (4, 0.40175948629776836), (5, 0.06581191213536167), (21, 0.046018881052432174)]
["'Masing'"]: [(4, 0.6064015290223984), (22, 0.2672820641306719), (7, 0.04180272963456798), (0, 0.02958279452961915), (3, 0.0181280234557847), (19, 0.015138687524219919), (21, 0.013505986784610652)]
["'Mellinghoff"]: [(1, 0.9999935288530885)]
["'Mellinghoff'"]: [(22, 0.9999926499455186)]
["'Mitwirkung'"]: [(21, 0.12289077956122278), (15, 0.04601767046566122), (4, 0.04290530254437955), (23, 0.04072104433624223), (22, 0.04040924742698516), (8, 0.04013883418700744), (18, 0.03959707647419799), (7, 0.03919013726580946), (16, 0.03861362352267172), (11, 0.03785837037945574), (1, 0.03764840496936299), (24, 0.036887369551253296), (0, 0.03647368957796096), (13, 0.036389065686402704), (19, 0.03543332263914287), (6, 0.03510113368762018), (20, 0.03502300645555016), (9, 0.0349805323079513), (17, 0.03481094396387436), (5, 0.03410179966594977), (10, 0.0339423596340215), (12, 0.03239825334850334), (14, 0.031666822442431686), (3, 0.031109234757753176), (2, 0.02569197514858846)]
["'Müller"]: [(22, 0.6639271218947627), (6, 0.17272698226659275), (5, 0.150407857363383), (15, 0.012897198951199946)]
["'Müller'"]: [(22, 0.41101021528169224), (8, 0.3761426000261594), (6, 0.1674696836672483), (4, 0.029023585787263214), (3, 0.01634731863978579)]
["'Niebler'"]: [(22, 0.19166361542962743), (14, 0.12341014773033596), (10, 0.07942773301145878), (8, 0.07930381850262334), (16, 0.0736204980342776), (12, 0.05187611623811881), (9, 0.050885166116046945), (6, 0.04537899564613654), (7, 0.031582631437737346), (2, 0.02948602389462879), (21, 0.028995942060709726), (3, 0.028818107827319184), (23, 0.02830579465461787), (0, 0.027779619744765893), (5, 0.02446616812356925), (13, 0.022365120482524738), (1, 0.019915860175784065), (24, 0.014960777719774481), (20, 0.012285443935887944), (18, 0.010471111793391002), (11, 0.010403821132714975)]
["'Niedermaier"]: [(23, 0.11732366195634102), (2, 0.09134852042712326), (18, 0.08151968445411943), (8, 0.07526326795359695), (21, 0.06959478851552268), (1, 0.06804113400441653), (7, 0.055419458203655236), (16, 0.05388426341647844), (11, 0.04986041333908422), (0, 0.03869787107097114), (3, 0.03164089797631151), (13, 0.03110753201264565), (22, 0.029841100595390888), (17, 0.02970468950513394), (19, 0.026446663296732457), (5, 0.023775075488032982), (20, 0.02371059437595964), (15, 0.023323855179720392), (14, 0.02049253252275243), (4, 0.01755800156824247), (24, 0.014294545557484113), (9, 0.010092567089254083)]
["'Niemeyer'"]: [(0, 0.1291346660339695), (23, 0.12656583443014727), (1, 0.09164721973954763), (18, 0.08453249316762607), (21, 0.05907950679202008), (13, 0.05354056435151382), (8, 0.052389683624445765), (9, 0.0456603654571008), (2, 0.041873848527699785), (19, 0.03942560042248009), (7, 0.03821801274530074), (3, 0.031954311925165714), (11, 0.03194249901515688), (5, 0.02933478559935168), (4, 0.027327513735901334), (22, 0.027133143778921474), (14, 0.022824178697921634), (17, 0.02164584220147162), (15, 0.016978852541178504), (10, 0.010681481925934252), (6, 0.010038903008561693)]
["'Osterloh"]: [(22, 0.9998997877506787)]
["'Osterloh'"]: [(20, 0.8858382175457397), (6, 0.0991671398313289), (17, 0.014984567918807885)]
["'Ott"]: [(1, 0.6253655038686633), (22, 0.27166407195972075), (6, 0.08378871696626912), (19, 0.019135101139170694)]
["'Ott'"]: [(5, 0.3341194740958594), (18, 0.23399988019068874), (22, 0.18126577237600972), (7, 0.1407055411723626), (8, 0.04405527348818613), (4, 0.042057912196442615), (3, 0.02373549591230592)]
["'Papier'"]: [(22, 0.9999922274751266)]
["'Paulus"]: [(4, 0.5006905897324403), (22, 0.3822576423759155), (18, 0.06716279640115266), (23, 0.028465717321646777), (15, 0.021389095641149134)]
["'Paulus'"]: [(4, 0.45107063330170233), (22, 0.2897363875028492), (5, 0.10343999869795324), (18, 0.07251181792249711), (20, 0.03919090427178277), (15, 0.03384938405600104)]
["'Radtke"]: [(1, 0.5653070819622575), (18, 0.37672589833513925), (24, 0.03795638306477585), (5, 0.018983616759207757)]
["'Radtke'"]: [(8, 0.5494360092228174), (4, 0.18990054933293618), (16, 0.0954642225868404), (2, 0.08795052996621748), (19, 0.04725980070076072), (12, 0.019691410262060175)]
["'Rinck'"]: [(22, 0.23984547100702974), (14, 0.08420857862655073), (2, 0.08138878051098082), (16, 0.05931968648519817), (6, 0.05242809890421904), (9, 0.05086286406022842), (8, 0.05078914253152111), (10, 0.046850764267523444), (20, 0.04011796671022071), (24, 0.03431014364970659), (7, 0.03051628220547032), (13, 0.029363476708407797), (3, 0.02760003038076227), (5, 0.023927117795829855), (12, 0.023259324860597057), (21, 0.02252543525040648), (23, 0.020634393604907156), (0, 0.020544847417039484), (4, 0.019455806709096114), (17, 0.012302354531987485), (15, 0.010199994079024693)]
["'Ritterspach"]: [(19, 0.1438543863588106), (6, 0.14136063221583228), (22, 0.13974592317765877), (24, 0.10913645494077764), (12, 0.10370450524179542), (5, 0.09112696203714442), (20, 0.06544363108396868), (7, 0.06029670156461503), (2, 0.048148264602880325), (18, 0.029471921616880784), (13, 0.028978183339419178), (14, 0.024282378122287968), (10, 0.010303792576451766)]
["'Ritterspach'"]: [(23, 0.9966754731656605)]
["'Roediger'"]: [(7, 0.9138565505140196), (8, 0.028277519242090685)]
["'Rottmann"]: [(22, 0.2331559532567489), (14, 0.09821269338178276), (16, 0.0749269950112525), (6, 0.06656516853732346), (3, 0.065058807593769), (10, 0.06437177949062194), (2, 0.04748396603550118), (12, 0.03674969271256877), (9, 0.03538689392760678), (1, 0.031163779474180635), (7, 0.029642347288964917), (23, 0.029567744272915673), (24, 0.0263809828862267), (8, 0.025504372128698313), (0, 0.019575454169741074), (18, 0.01866602666102288), (5, 0.01853736217115433), (13, 0.016708327694071837), (11, 0.01612123958776749), (21, 0.016003465010481978), (20, 0.011791163526546232)]
["'Rottmann'"]: [(22, 0.26493448603208414), (14, 0.08671878977235195), (2, 0.06442651878553875), (16, 0.06279152980556164), (8, 0.05433369532436038), (20, 0.05407812461423566), (12, 0.04718473066068841), (10, 0.04546500789691743), (9, 0.041089659776812754), (6, 0.03171732538758811), (24, 0.030074156117100438), (13, 0.029436078758311546), (21, 0.025377218022697802), (23, 0.023847538637345452), (1, 0.01997018931343535), (5, 0.01740318337798646), (11, 0.016969737003140514), (17, 0.01616198069042652), (7, 0.014428910990081145), (3, 0.013443826922944607), (15, 0.012306994510344688), (0, 0.01193634811040424)]
["'Rupp'"]: [(9, 0.9421414878414703)]
["'Scheffler'"]: [(23, 0.9986540144074073)]
["'Schluckebier"]: [(4, 0.6558921703031964), (1, 0.2827113819283601), (18, 0.06139168352519276)]
["'Schluckebier'"]: [(18, 0.8596121456234375), (4, 0.071773359859804), (5, 0.039729920682350414), (22, 0.028882292057061065)]
["'Scholtissek'"]: [(24, 0.5756046368041378), (15, 0.23601503025806742), (21, 0.18714813779053815)]
["'Seibert"]: [(22, 0.5265611516020029), (7, 0.25925614668271846), (20, 0.21400755026197937)]
["'Seibert'"]: [(9, 0.9977212094224036)]
["'Seidl"]: [(22, 0.9132099806728037), (10, 0.08638489188812398)]
["'Seidl'"]: [(22, 0.9999557845042376)]
["'Simon'"]: [(7, 0.46232924692073607), (22, 0.30564328008823805), (20, 0.1837301104580854), (12, 0.03449233275928773), (9, 0.01320899638483697)]
["'Sommer"]: [(8, 0.7523979465428287), (12, 0.246291727058662)]
["'Sommer'"]: [(4, 0.999995124960086)]
["'Stein'"]: [(16, 0.7326863502324397), (0, 0.26601559131601943)]
["'Steinberger'"]: [(22, 0.14568619273891079), (14, 0.09234757065403261), (10, 0.07334242002234076), (2, 0.0686681185763075), (16, 0.05428875667163205), (8, 0.048239566539781696), (24, 0.04542166424103333), (23, 0.04513720518571634), (12, 0.044202317027356865), (3, 0.041509192122535926), (20, 0.03999949505208484), (9, 0.03898614124484476), (6, 0.036976890649042124), (7, 0.03629347390837454), (5, 0.03591738618186252), (13, 0.035430020068905936), (21, 0.025298232872522), (1, 0.024338294923731376), (17, 0.015401828837871005), (0, 0.015358822108732196), (4, 0.014379005660423307), (11, 0.01176601887672173)]
["'Steiner"]: [(18, 0.9999384531255102)]
["'Steiner'"]: [(18, 0.6783821079578473), (1, 0.32161450261038854)]
["'Söllner'"]: [(22, 0.8633402637972476), (20, 0.12924886062997046)]
["'Träger'"]: [(22, 0.23740731534178464), (14, 0.13312070595914996), (16, 0.06984375064422753), (2, 0.06403662325523209), (6, 0.05007391323083204), (8, 0.04735123283700586), (10, 0.04551484872164663), (7, 0.04238081811167902), (3, 0.03395932859743428), (5, 0.0306458964397487), (13, 0.028270628553691217), (21, 0.023927645821325057), (1, 0.022524307519149297), (20, 0.022361869778087882), (9, 0.02221340553581707), (12, 0.021994488181834648), (24, 0.021009442807492895), (23, 0.017130243951891024), (11, 0.016257996315812772), (15, 0.014426259275853804), (17, 0.010723694269861037), (18, 0.010322875513558597)]
["'Vosskuhle'"]: [(6, 0.5053974477208376), (8, 0.20860911868593698), (12, 0.1360155894224689)]
["'Voßkuhle'"]: [(6, 0.5783032781513577), (4, 0.4216740064368389)]
["'Wallrabensein"]: [(8, 0.8703521230828255)]
["'Wallrabenstein"]: [(8, 0.5913699569615735), (6, 0.17010315912510546), (5, 0.16598860922970088), (20, 0.05269566400997115), (15, 0.019823586978202835)]
["'Wallrabenstein'"]: [(14, 0.8171932087199839), (8, 0.05361901484930974), (3, 0.019537347352994554), (23, 0.014753575800523092), (24, 0.01149013933612213), (0, 0.010343995426727513)]
["'Wand'"]: [(14, 0.11585232614759661), (22, 0.11073606647919884), (16, 0.07802467095334462), (2, 0.06952182638759283), (8, 0.0692865529544971), (10, 0.05599413766551967), (9, 0.0545395516603813), (5, 0.049717968568534686), (7, 0.0460574113913166), (12, 0.04446397924787101), (3, 0.03975019007370424), (1, 0.03499622730812803), (20, 0.03297508558485204), (6, 0.025877422626269738), (21, 0.025440855598113335), (0, 0.02478979219377806), (13, 0.022006792080876945), (24, 0.019858030324651204), (11, 0.019591639497272058), (23, 0.018646904266596105), (17, 0.01375916874589524), (4, 0.010082768454309991)]
["'Wessel'"]: [(24, 0.9966149215220333)]
["'Winter"]: [(10, 0.7039006698541364), (15, 0.29595875970240887)]
["'Winter'"]: [(8, 0.999927555452751)]
["'Wintrich'"]: [(9, 0.4078574263647275), (17, 0.2679074222645613), (4, 0.23753754928298326), (11, 0.07799110918810377)]
["'Wolff'"]: [(22, 0.9419587753299616)]
["'Zeidler'"]: [(22, 0.18659923479207663), (10, 0.08737110911614321), (16, 0.0861732975578166), (2, 0.0655226588231235), (14, 0.05986112511372268), (5, 0.04811256906356038), (8, 0.04525852173303474), (6, 0.040453806821496026), (9, 0.04003918363152864), (20, 0.03673201924159426), (7, 0.0337602405088045), (12, 0.031157735308772205), (13, 0.030710712240813526), (3, 0.02966337235611436), (1, 0.028692008704403343), (24, 0.027453978445543804), (0, 0.026191111755384855), (21, 0.0243243646980659), (11, 0.022107906266595687), (23, 0.017259048290293937), (15, 0.01218401611486222)]
["'Zweigert"]: [(17, 0.9623318239191919)]
["'gerichts'"]: [(1, 0.6291922915067201), (6, 0.1678056240047459), (22, 0.08803620643854981)]
["'unter'"]: [(21, 0.11839617883889167), (7, 0.047518613751686416), (20, 0.044925982855905607), (10, 0.04336973727886902), (22, 0.04263924596457638), (4, 0.041423899580176865), (15, 0.041028992794091314), (8, 0.0394896988556933), (1, 0.038527726716286875), (3, 0.037696451220138795), (11, 0.037587393058450325), (9, 0.03755806951684054), (6, 0.03708862572564975), (23, 0.036790814782435725), (17, 0.036346116191247606), (5, 0.036037100085818626), (12, 0.034449667191965565), (18, 0.033372678345703136), (16, 0.03313127664602714), (2, 0.03209707251705046), (24, 0.03154828995424251), (13, 0.03016326144638688), (0, 0.029890165935723648), (19, 0.02947419015852443), (14, 0.029448750587617638)]
['']: [(6, 0.4722047123869271), (22, 0.3973536632406206), (1, 0.1304349627173444)]
