["'"]: [(58, 0.897153942084204), (52, 0.07774533691256158), (116, 0.02487895246353375)]
["''"]: [(35, 0.9999812884584529)]
["'.'"]: [(134, 0.3876395711914761), (113, 0.14998834049102264), (18, 0.019273612094956635)]
["'<us>'"]: []
["'Baer"]: [(115, 0.4404632652362689), (108, 0.38268273746551423), (134, 0.09839319301159719), (101, 0.07845202194929995)]
["'Baer'"]: [(35, 0.6341031856622805), (52, 0.24408224735290834), (115, 0.04858466165182951), (134, 0.04714820489790063), (145, 0.026048206678359675)]
["'Benda'"]: [(68, 0.5116837764788056), (62, 0.20699985099441706), (59, 0.18691161246258478), (70, 0.05869446813930122), (34, 0.03499729812586082)]
["'Berger'"]: [(122, 0.39154225211840143), (84, 0.22556939412363455), (36, 0.1805363273604765), (28, 0.10546320343943726), (112, 0.03999736933300029), (93, 0.032721256216730325), (108, 0.02059544156776684)]
["'Britz"]: [(104, 0.39049325135748264), (35, 0.30610142166235765), (101, 0.2494005299035494), (43, 0.02526736097394045), (62, 0.012830560566328574)]
["'Britz'"]: [(68, 0.5787790949971019), (124, 0.23950242204558328), (94, 0.13325599055627704), (43, 0.0373887052914545), (79, 0.011038942106164304)]
["'Bro'"]: []
["'Broß"]: [(108, 0.5966069741971306), (124, 0.2559686507291691), (59, 0.1473226645887728)]
["'Broß'"]: [(104, 0.3304425923766088), (58, 0.30208116270618435), (108, 0.12970958676001967), (22, 0.09045267500586973), (115, 0.083051969667263), (88, 0.051460088237731676), (59, 0.012799818378991228)]
["'Bryde"]: [(115, 0.8838047959308103), (104, 0.0746865850546889), (101, 0.0394422277607411)]
["'Bryde'"]: [(35, 0.8726143648021468), (115, 0.11652466962381283)]
["'Böckenförde'"]: [(93, 0.6641077626612115), (104, 0.27496177887481127), (59, 0.06088694699129492)]
["'Böhmer'"]: [(32, 0.6507099973557715), (7, 0.23419732216925257), (56, 0.09948915094171029)]
["'Christ"]: [(108, 0.7729830044417705), (115, 0.1575207777547947), (138, 0.04121694654484637), (134, 0.027284038340392787)]
["'Christ'"]: [(116, 0.4496835338755874), (108, 0.15345296242086298), (104, 0.139475907503501), (47, 0.08530935865506198), (134, 0.04557852135854349), (115, 0.04335680741359183), (22, 0.030079744973153022), (93, 0.023495851187125782)]
["'DiFabio"]: [(101, 0.9999721883010373)]
["'DiFabio'"]: [(116, 0.5879556144007257), (22, 0.35646001722345244), (124, 0.05555315085588305)]
["'Di\\xa0Fabio"]: [(86, 0.6027326061554754), (101, 0.3958914089679921)]
["'Di\\xa0Fabio'"]: [(116, 0.5876410673717029), (88, 0.14877465171281765), (124, 0.14179531262123193), (58, 0.08636349153459257), (108, 0.035420636540541936)]
["'Dieterich'"]: [(141, 0.9999311289262491)]
["'Drath'"]: [(62, 0.9987753721448601)]
["'Eichberger"]: [(115, 0.3946028902673014), (108, 0.3325456596743635), (22, 0.1435755668482758), (134, 0.07590907160490266), (101, 0.05298757755637354)]
["'Eichberger'"]: [(116, 0.5434826904774043), (108, 0.31247122804301297), (49, 0.1272089684871838), (134, 0.015205084700667053)]
["'Ellinghaus'"]: [(91, 0.9694311171311695)]
["'Faller'"]: [(58, 0.827593747489519), (66, 0.09157802897377346), (92, 0.06522822691172585)]
["'Federer"]: [(1, 0.9391012494717681)]
["'Friesenhahn'"]: [(26, 0.9402646589315212)]
["'Fröhlich'"]: [(108, 0.9406604210191737)]
["'Gaier"]: [(108, 0.26134035384478455), (35, 0.24662153712891616), (115, 0.22466134732870083), (134, 0.15185341804665312), (49, 0.11482764419079206)]
["'Gaier'"]: [(49, 0.5300498916954431), (104, 0.23324476797295252), (108, 0.11532780906534361), (115, 0.06472349144812925), (134, 0.0566524241207926)]
["'Geiger'"]: [(39, 0.6107446958241733), (18, 0.3271820567757823)]
["'Gerhard"]: [(138, 0.5814515769532221), (121, 0.19221219087022914), (116, 0.015985780282712164), (37, 0.012216920319100686)]
["'Gerhardt"]: [(88, 0.3841602239342005), (108, 0.3427618511646993), (22, 0.18259892153311505), (35, 0.05034381000007772), (134, 0.040128592376348776)]
["'Gerhardt'"]: [(58, 0.8650567640552125), (22, 0.11231799383909423), (134, 0.02260614496184974)]
["'Graßhof"]: [(73, 0.921209841064802), (57, 0.059850638090786466), (36, 0.01389995981087485)]
["'Graßhof'"]: [(104, 0.9999911464839824)]
["'Grimm"]: []
["'Grimm'"]: [(52, 0.9999920677440042)]
["'H.-J.Rinck'"]: [(49, 0.13026657862845842), (34, 0.09731769764439566), (22, 0.07624404599066144), (97, 0.07297713437366861), (119, 0.0672339571426843), (139, 0.06717888586323789), (146, 0.060597627261343955), (149, 0.0586652313832268), (79, 0.056849329377951154), (132, 0.02951680022091194), (28, 0.028824046806518715), (102, 0.024391198721207503), (65, 0.024320576339489784), (114, 0.02271047320242813), (70, 0.015723675837955163), (10, 0.01458260802963946), (58, 0.014396359704430458), (78, 0.013894451719687327), (84, 0.012726367087398669), (66, 0.012489475707903043), (77, 0.011329431944406023), (7, 0.010495188894173748), (85, 0.010349809574180798)]
["'Haas"]: [(92, 0.99979811241681)]
["'Haas'"]: [(116, 0.8102051681991325), (58, 0.1891380490996588)]
["'Harbarth'"]: [(116, 0.44979282962580086), (104, 0.2902888382379267), (138, 0.13650191215695545), (22, 0.0832894808329235), (134, 0.02951299217243136)]
["'Hasseme"]: []
["'Hassemer"]: [(22, 0.9999654524355815)]
["'Hassemer'"]: [(101, 0.5088319387842916), (52, 0.37466596280187286), (22, 0.07500592630898432), (35, 0.04149307613406513)]
["'Heck'"]: [(59, 0.5637624576101982), (104, 0.19118888025714714), (26, 0.14351012180852818), (12, 0.08190399694788682), (105, 0.01711475271648438)]
["'Heiland'"]: [(13, 0.999058036766687)]
["'Henneka'"]: [(98, 0.9423296209474185)]
["'Henschel'"]: [(116, 0.9999676634983595)]
["'Hentschel'"]: [(26, 0.22782124610518584), (1, 0.16369913340995906), (31, 0.14148416856136076), (0, 0.13767231792776147), (78, 0.11046477126486531), (52, 0.07872511715380232), (139, 0.07361053321544186), (58, 0.02617860525415342), (43, 0.016326730058538935), (82, 0.01444077491690836)]
["'Hermanns"]: [(116, 0.5362034099940328), (108, 0.15200422812189518), (35, 0.10691270829985312), (115, 0.0843610772495444), (56, 0.047872230572724585), (101, 0.029303604453409272), (79, 0.01908864127153645)]
["'Hermanns'"]: [(34, 0.3281382397335163), (49, 0.30671436723880496), (88, 0.29220605663753246), (59, 0.07292963414896989)]
["'Herrmanns'"]: [(34, 0.5470420245471971), (94, 0.03102471851758409), (133, 0.030115326201040665), (145, 0.02849491879686264), (38, 0.022367552049419277), (103, 0.022049330894940503), (71, 0.018266757874224528), (19, 0.016955460009108175), (90, 0.016375138942534423), (48, 0.014692151886025996), (13, 0.014135049449837397), (91, 0.012151926474587755)]
["'Herzog'"]: [(10, 0.7386272114261302), (116, 0.2610786719057518)]
["'Hesse'"]: [(104, 0.709085970590904), (2, 0.2085442024562118), (34, 0.07474248603541789)]
["'Heußner'"]: [(58, 0.09254398229625058), (59, 0.07262097434211245), (60, 0.06587560584076536), (122, 0.06523650587354073), (82, 0.05799574737711837), (105, 0.0535276021401434), (86, 0.04792949069192584), (136, 0.0405918772339442), (2, 0.03939933306775607), (35, 0.03815949009467626), (109, 0.03464699331973127), (63, 0.033938562933824135), (31, 0.033723232282876686), (64, 0.030550163684831003), (70, 0.028610146205892032), (0, 0.025127944073179805), (51, 0.024318994498801497), (25, 0.02385562722536355), (18, 0.021357293729333614), (94, 0.018596536223840904), (26, 0.01730326349857296), (101, 0.017257786668520677), (97, 0.017021225874286637), (88, 0.014567699207671519), (4, 0.014207679653341502), (84, 0.014083815615166665), (40, 0.01248237894410167), (129, 0.010585715483662763)]
["'Hmig'"]: []
["'Hoffmann-Riem"]: [(108, 0.7656327900093658), (43, 0.12559820770592545), (115, 0.07750046277748508), (63, 0.03126333157492037)]
["'Hoffmann-Riem'"]: [(141, 0.9548694169911497), (92, 0.04511412111963497)]
["'Hohmann-Dennhard"]: []
["'Hohmann-Dennhardt"]: [(35, 0.8303211710856904), (58, 0.08807955287693138), (92, 0.06079897141765481)]
["'Hohmann-Dennhardt'"]: [(141, 0.6943967523303689), (92, 0.1595661591787418), (58, 0.09286391002951108), (43, 0.021689685254523396), (88, 0.01671568897217963), (22, 0.014763027087518164)]
["'Huber"]: [(101, 0.5804940525177689), (116, 0.21479559251573008), (108, 0.12163153713511804), (91, 0.034021758599531805), (88, 0.02365335259660256), (58, 0.015048831883125986)]
["'Huber'"]: [(104, 0.6214472655559451), (108, 0.2225209320623442), (134, 0.11579871284611074), (145, 0.040228241461812704)]
["'Härtel"]: [(101, 0.1892921872702994), (115, 0.1841276997452315), (35, 0.16053574092250025), (108, 0.15913924726337825), (22, 0.09909823926026448), (52, 0.09027372982936897), (49, 0.0758427965909683), (43, 0.022121362152642272), (91, 0.0143993876331476)]
["'Hömig"]: [(115, 0.9995299333556315)]
["'Hömig'"]: [(108, 0.43263078138861966), (116, 0.34446497557228767), (92, 0.15523003443927294), (22, 0.06766516157691889)]
["'Höpker-Aschoff'"]: []
["'Jaeger"]: [(107, 0.9998737800305855)]
["'Jaeger'"]: [(116, 0.7524893221355766), (135, 0.12517740910733582), (108, 0.07964534561673671), (124, 0.02298701502081913), (22, 0.018132814031357178)]
["'Jentsch"]: [(108, 0.5787990880203049), (59, 0.42082244545155967)]
["'Jentsch'"]: [(49, 0.9926064528780205)]
["'Jentsch;'"]: []
["'Jäger'"]: [(64, 0.24535381328343647), (95, 0.20100916228870316), (32, 0.17428239966573264), (56, 0.08178527590855311), (22, 0.08018841838904359), (55, 0.06795848983239154), (49, 0.06483751720805361), (27, 0.06226794603537416), (58, 0.017002291985389016)]
["'Katz'"]: [(12, 0.9377020263023402)]
["'Katzenstein"]: [(73, 0.43605440179809374), (56, 0.22645711480582742), (8, 0.1747741916373004), (32, 0.08006843382641679), (17, 0.06688205319770445)]
["'Katzenstein'"]: [(93, 0.1509665527518372), (68, 0.08511976290163904), (63, 0.07217936143070827), (129, 0.06890016979850755), (51, 0.06370612938636667), (8, 0.06272096657542389), (49, 0.05928373488975158), (125, 0.043348337212659155), (127, 0.04322322206466767), (16, 0.04287090644687121), (86, 0.030256306267291474), (99, 0.027876260515934535), (0, 0.02707194741948002), (44, 0.026741985293767798), (116, 0.023181839431793565), (101, 0.02260030345259537), (5, 0.020394478870215546), (136, 0.019835910473279917), (143, 0.01896566338944012), (58, 0.014149303127000044), (137, 0.011769219858935212), (75, 0.010956793341248957), (84, 0.010851570838595979)]
["'Kessal-Wulf"]: [(49, 0.6982822210533838), (88, 0.16133487033440894), (58, 0.1289494186905397), (43, 0.01132054817014254)]
["'Kessal-Wulf'"]: [(49, 0.5691246288311338), (22, 0.16107778775037224), (101, 0.153490180159434), (88, 0.11630241072616866)]
["'Kessal-Wulff"]: [(58, 0.9407830616234727)]
["'Kessal-Wulff'"]: [(35, 0.5612684020032456), (95, 0.022256954767813752), (56, 0.012408862453491062)]
["'Khling'"]: []
["'Kirchhof"]: [(138, 0.4419277405301716), (115, 0.386028187845683), (108, 0.16353672581122067)]
["'Kirchhof'"]: [(22, 0.9999951094429772)]
["'Klaas'"]: [(69, 0.9396478690248623)]
["'Klein'"]: [(59, 0.9999528493311094)]
["'Kruis"]: [(88, 0.33913705086765233), (140, 0.26285983225423887), (113, 0.23534109800719497), (135, 0.16208483422739006)]
["'Kruis'"]: [(104, 0.9999607126266205)]
["'König"]: [(116, 0.4418491955601775), (58, 0.3689177731324343), (111, 0.11433732271073742), (52, 0.04127961782043024), (43, 0.01930578349972951), (108, 0.014287243911197569)]
["'König'"]: [(104, 0.521830580459469), (58, 0.28008918978574404), (88, 0.10894446906094046), (116, 0.05932438762063262), (50, 0.017906668462905753), (145, 0.011894149388594817)]
["'Kühling"]: [(59, 0.5427619316006874), (116, 0.4566936029170804)]
["'Kühling'"]: [(52, 0.999989286617593)]
["'Landau"]: [(108, 0.46992715631434256), (116, 0.293250730555326), (101, 0.08950368268321758), (35, 0.06931072176098715), (58, 0.05595487606272936), (56, 0.014225258523093599)]
["'Landau'"]: [(52, 0.3146207618395683), (101, 0.2713111669145919), (104, 0.24383907134461316), (49, 0.16790446757380706)]
["'Langenfeld"]: [(108, 0.5553646851643573), (115, 0.17488169774482595), (104, 0.07277908369404472), (43, 0.05419573271615619), (52, 0.047253744554813425), (101, 0.04066205987059094), (134, 0.018167675469227883), (141, 0.01636473370350534), (93, 0.012551588813272034)]
["'Langenfeld'"]: [(49, 0.5374617634566423), (52, 0.33135793005403225), (43, 0.13108961796836768)]
["'Lehmann"]: [(116, 0.7398286213077188), (23, 0.12668476547289648), (122, 0.0708933871093903), (62, 0.040924151578440295), (75, 0.01265976211209897)]
["'Lehmann'"]: [(147, 0.9685343510553515)]
["'Leuser'"]: [(42, 0.804705625371462), (132, 0.1344199385737317)]
["'Limbach'"]: [(58, 0.9999703117592698)]
["'Lübbe-Woff"]: [(30, 0.1431067496841347)]
["'Lübbe-Woff'"]: []
["'Lübbe-Wolff"]: [(108, 0.8547478076061377), (101, 0.11158106652079511), (116, 0.020451900384654803), (43, 0.013194810756368087)]
["'Lübbe-Wolff'"]: [(116, 0.9735933221676263), (107, 0.01495713096297259), (35, 0.011443193578108812)]
["'Mahrenholz'"]: [(58, 0.9042532646289907), (49, 0.05665717429112112), (97, 0.02197916492823337), (22, 0.016871406828674284)]
["'Maidowski"]: [(108, 0.41029561573412754), (58, 0.36127226712532173), (101, 0.10508126055850131), (43, 0.10022819137172093), (56, 0.023111535258509803)]
["'Maidowski'"]: [(49, 0.6045928886491191), (59, 0.3953874052918982)]
["'Masing"]: [(108, 0.4603136729369761), (104, 0.2908917734553792), (115, 0.1592702448613576), (141, 0.043589326994603474), (58, 0.035874314203232366), (35, 0.010043316450126617)]
["'Masing'"]: [(104, 0.40074666350859983), (141, 0.14801392825871315), (116, 0.1275165049068604), (52, 0.12002958511057588), (49, 0.06740157324071767), (63, 0.06325000454269677), (91, 0.0354753773440327), (107, 0.03425281037599046)]
["'Mellinghoff"]: [(108, 0.9999928371761162)]
["'Mellinghoff'"]: [(58, 0.9279185790217613), (115, 0.07207424762880471)]
["'Mitwirkung'"]: [(145, 0.010113104793529707)]
["'Müller"]: [(52, 0.3924978031600478), (58, 0.2564179800456012), (108, 0.1882278306125268), (104, 0.11027998859360354), (88, 0.04122200723172065), (115, 0.011318539109041232)]
["'Müller'"]: [(58, 0.4027316894757972), (104, 0.27079480628093716), (49, 0.1554350897375033), (115, 0.1219093879573813), (52, 0.030882343486280148), (116, 0.018239986324846764)]
["'Niebler'"]: [(49, 0.09491237558161018), (65, 0.06843352804754227), (22, 0.06743191636146621), (10, 0.06633906608569147), (28, 0.0654138641747068), (114, 0.05231097959868036), (83, 0.04297340979740961), (139, 0.0427481202960673), (119, 0.041319871076635935), (16, 0.03565660668792898), (34, 0.030535356692760963), (97, 0.03008234362956505), (62, 0.0291319571259363), (115, 0.026990674510641348), (6, 0.024042071153461634), (99, 0.023558194695121243), (106, 0.021422156394300274), (110, 0.021224301068489524), (14, 0.020803766434952634), (143, 0.017727721158135368), (137, 0.01675921645092049), (20, 0.016648964704633357), (95, 0.015362865386563129), (104, 0.014687031403894091), (116, 0.013581272679855585), (118, 0.01184059329435796), (102, 0.011201131765264865)]
["'Niedermaier"]: [(86, 0.12711726188449313), (76, 0.09349329400949541), (107, 0.09093695536891339), (141, 0.057209806788335385), (144, 0.04801263735843363), (58, 0.04478989568423821), (63, 0.040349581299279284), (2, 0.03675331864457376), (0, 0.03647042791840794), (34, 0.03553283989720137), (68, 0.035283236318777104), (139, 0.03482762470905857), (18, 0.030538328356622343), (60, 0.030497904865948507), (95, 0.027512407407854097), (59, 0.025487575794906937), (116, 0.024424345985283716), (78, 0.023856914423946385), (3, 0.022254806177489834), (75, 0.021873815931997456), (135, 0.019035438679019228), (136, 0.010740331153997786), (124, 0.010654418366285695)]
["'Niemeyer'"]: [(81, 0.10576313832191239), (60, 0.09358384363206006), (1, 0.08171180330864324), (146, 0.06283614555002948), (148, 0.05417310335253536), (94, 0.04212718502935254), (74, 0.040882675470554894), (129, 0.039121613482719114), (89, 0.038146460466142756), (135, 0.03554656044752439), (78, 0.03224026004789346), (97, 0.03119557255114808), (86, 0.03099354125468601), (92, 0.02901645903724947), (106, 0.027302086592592274), (136, 0.02637305132819745), (21, 0.025246092566623808), (25, 0.023939993352738304), (90, 0.023791759607515794), (111, 0.022855092203379626), (30, 0.0197298198437164), (100, 0.019130055461450787), (113, 0.018964159796593712), (149, 0.01364946373910175)]
["'Osterloh"]: [(22, 0.9999033146757392)]
["'Osterloh'"]: [(58, 0.4530427209676141), (116, 0.4110954526187162), (59, 0.06914167998678655), (92, 0.06670928645008892)]
["'Ott"]: [(108, 0.4589815373990916), (115, 0.12728935246082285), (35, 0.11811327976845575), (49, 0.11421870131597557), (101, 0.08320247891049334), (106, 0.0378313962933338), (123, 0.020397500642904447), (38, 0.01956785996364876), (70, 0.013456872288452342)]
["'Ott'"]: [(116, 0.8272324525746348), (49, 0.0668617757387568), (46, 0.03942828182665729), (59, 0.03297248605832811), (88, 0.0295159283659919)]
["'Papier'"]: [(104, 0.47480916205542323), (101, 0.22495893630914734), (115, 0.1650363193823117), (138, 0.13518744699791205)]
["'Paulus"]: [(115, 0.550379784005935), (35, 0.1837428564362341), (58, 0.14770449103324287), (133, 0.10319940625432138), (145, 0.010151308549403689)]
["'Paulus'"]: [(104, 0.24902874142722817), (116, 0.23354916848783921), (141, 0.21136573335051276), (101, 0.1747690438711868), (58, 0.10610961348792398), (92, 0.024738659402904945)]
["'Radtke"]: [(108, 0.35834196516875405), (115, 0.21216055534438208), (141, 0.10956427866012101), (62, 0.10797930145091468), (104, 0.10330403617720182), (101, 0.0610855520241793), (92, 0.04750404032898598)]
["'Radtke'"]: [(141, 0.387956086383889), (49, 0.1380753895437333), (63, 0.04066719575677347), (131, 0.03154090229278174), (128, 0.02475214284828723), (136, 0.024373384948467053), (50, 0.02090607472947282), (112, 0.020163056284952033), (66, 0.019735100984109532), (56, 0.018602150081629017), (21, 0.01772915529342222), (64, 0.017319011104255565), (89, 0.016223541292466177), (106, 0.015549193027072293), (5, 0.015038047098021335), (104, 0.012925395668173733), (95, 0.012507941287732726), (140, 0.012143300540557006), (74, 0.010282672711205625)]
["'Rinck'"]: [(22, 0.10822681983876747), (114, 0.08482291956964293), (16, 0.07469459301524578), (49, 0.06560359969385425), (72, 0.05439328454813662), (97, 0.05373082129926051), (146, 0.04758116266199495), (34, 0.04191147662070047), (10, 0.041903108408205034), (65, 0.03612559782928538), (83, 0.035251199421048075), (75, 0.034934590127176986), (39, 0.02642383827285641), (55, 0.024318486288896678), (58, 0.024152079015900926), (102, 0.01980687562008685), (139, 0.018931210051198386), (14, 0.01877623846986867), (77, 0.018084560850226288), (147, 0.017805391311376265), (118, 0.017609855189040072), (20, 0.013934409406171994), (123, 0.013237129960610074), (6, 0.01102636853293922), (135, 0.010090428327584066)]
["'Ritterspach"]: [(24, 0.2352733471276002), (110, 0.19237441197951666), (54, 0.15437661696401533), (37, 0.15137934155558708), (5, 0.10402905802035303), (38, 0.06568879211612229), (34, 0.047218187266794796), (43, 0.02242998675439934), (138, 0.02091321328508559)]
["'Ritterspach'"]: [(119, 0.8813240006511643), (130, 0.11559190972886614)]
["'Roediger'"]: [(140, 0.9384797198995715)]
["'Rottmann"]: [(14, 0.11560452932351717), (34, 0.09702467724064348), (39, 0.06850525551146912), (110, 0.058660808207976346), (139, 0.057592954951220396), (49, 0.05193174190526622), (83, 0.04883074830287218), (75, 0.04709694296638567), (114, 0.04666981089320921), (22, 0.04631632588377817), (104, 0.04183545946020772), (124, 0.030264772399974865), (10, 0.028422586084831846), (77, 0.027459822852397224), (62, 0.024762992938810787), (113, 0.019909469509688228), (147, 0.01569772759811751), (55, 0.015034947652197766), (101, 0.013885523174546706), (95, 0.012095097320148747), (119, 0.012038496495003997), (117, 0.011503595654810687), (25, 0.010888841424358892), (47, 0.010804941632511063), (145, 0.010398231673756735)]
["'Rottmann'"]: [(22, 0.10046276288709752), (58, 0.0914209798826161), (146, 0.08376008909972923), (97, 0.05254057907539437), (119, 0.04982595131208617), (124, 0.04265996843098991), (86, 0.04015985118895825), (65, 0.03900109764382059), (132, 0.03721420811421662), (104, 0.0371868851588704), (78, 0.03288039458260432), (149, 0.031640264067559994), (83, 0.028738562521541743), (75, 0.028065295345244885), (114, 0.02739990120623903), (2, 0.026967477696044212), (96, 0.020337044978384348), (102, 0.019898158355886292), (16, 0.018124608745446868), (85, 0.017170009579036617), (140, 0.016552042983876438), (145, 0.016202726351325736), (47, 0.015709410565830223), (101, 0.01365683453214672), (106, 0.013554433760345843), (3, 0.012395197587874468), (53, 0.011499361794004152), (57, 0.010242206516953982)]
["'Rupp'"]: [(43, 0.9402263900781874)]
["'Scheffler'"]: [(132, 0.6809677072623019), (101, 0.31779089763491203)]
["'Schluckebier"]: [(52, 0.5342094879520624), (108, 0.2698377578065557), (116, 0.1747755633691652), (59, 0.021172288072474225)]
["'Schluckebier'"]: [(116, 0.8770120309494329), (59, 0.12298509961678109)]
["'Scholtissek'"]: [(114, 0.5160910550103941), (112, 0.48267406071510954)]
["'Seibert"]: [(141, 0.9728509744565739), (116, 0.02695532587411685)]
["'Seibert'"]: [(107, 0.9974507911733236)]
["'Seidl"]: [(43, 0.9995535625576077)]
["'Seidl'"]: [(49, 0.9999536837663927)]
["'Simon'"]: [(68, 0.5958579551581695), (142, 0.22805636101036322), (17, 0.09408518695694996), (128, 0.08128219066118618)]
["'Sommer"]: [(52, 0.9986086029400348)]
["'Sommer'"]: [(49, 0.9999953741426455)]
["'Stein'"]: []
["'Steinberger'"]: [(139, 0.1505563464499224), (75, 0.08179684332400823), (146, 0.07921923879201698), (34, 0.06737372138861611), (77, 0.06175302089574939), (114, 0.053776308248433935), (16, 0.04929318484976713), (22, 0.044077673472662116), (149, 0.042009267255173816), (14, 0.041211839976059), (104, 0.03741296575909915), (79, 0.033717161001228714), (39, 0.03307764262485534), (113, 0.025970689602596488), (72, 0.022820719592884606), (116, 0.020678213425151734), (58, 0.018150297380628438), (78, 0.014960445715038517), (145, 0.014952785839713385), (147, 0.014029348084643765), (3, 0.01379362306625187), (121, 0.010178993602879341)]
["'Steiner"]: [(138, 0.9999352718911875)]
["'Steiner'"]: [(116, 0.9957069902014811)]
["'Söllner'"]: [(35, 0.9999665369429944)]
["'Träger'"]: [(14, 0.079883481713292), (22, 0.0642060297013352), (39, 0.06237142526100495), (97, 0.056012166716899875), (79, 0.053935298363946796), (119, 0.05153996727028953), (86, 0.04802702843069386), (65, 0.03914395939668003), (10, 0.0383370761178909), (102, 0.037994708588645947), (147, 0.03728283871830137), (116, 0.034359577579623136), (28, 0.03395991038636841), (137, 0.03247203373169774), (58, 0.03091044926577229), (49, 0.026393730639415153), (2, 0.025594939907153426), (139, 0.022559737350776703), (124, 0.022105804406996582), (72, 0.019165014283273486), (146, 0.01844107203996493), (115, 0.01818602197881416), (96, 0.016595794305746245), (117, 0.015623062199748874), (132, 0.014209686899368554), (83, 0.014007901433498896), (75, 0.013842355050873159), (110, 0.013036764472517878), (113, 0.01016150140199798)]
["'Vosskuhle'"]: [(49, 0.2671925654242617), (22, 0.03262668281053951)]
["'Voßkuhle'"]: [(104, 0.354278967799182), (49, 0.3337226534825359), (116, 0.2744243170500359), (52, 0.037548888477964434)]
["'Wallrabensein"]: [(34, 0.2593874588747504), (115, 0.09903950520094484), (101, 0.028651892519869993), (116, 0.026508501759743244), (124, 0.019080813542194517), (1, 0.01518706364179289)]
["'Wallrabenstein"]: [(116, 0.4446451057539691), (52, 0.22018392807362233), (34, 0.1719935677380761), (124, 0.0779491591722309), (131, 0.05632817938479759), (58, 0.013976444875835629), (81, 0.010527451285313672)]
["'Wallrabenstein'"]: [(34, 0.42981976438084946), (43, 0.03376842333785575), (141, 0.03330151078782231), (46, 0.014850776157335982), (79, 0.01241835073444393), (15, 0.011632103641311039)]
["'Wand'"]: [(34, 0.11732098926689712), (49, 0.09251330136814513), (139, 0.07160547897803475), (119, 0.06371856570658942), (22, 0.06364665198220915), (124, 0.05591241960241571), (77, 0.050947718244952714), (149, 0.039163729742470635), (114, 0.037192756991746186), (75, 0.033419089593623906), (83, 0.030417550547404696), (52, 0.026430046708149253), (95, 0.026289433664817383), (86, 0.02614631346355813), (132, 0.02553218456542829), (146, 0.024349391636492596), (117, 0.023390961081816444), (8, 0.021843942116890145), (147, 0.017515619192891716), (9, 0.01709456975557761), (126, 0.01438253704450568), (72, 0.014233607543360376), (91, 0.011579624171014264), (110, 0.011265353594195431), (53, 0.011246591554726619), (21, 0.010446446887982378), (107, 0.010096749504712817)]
["'Wessel'"]: [(53, 0.5261380105258604), (147, 0.47084717542812)]
["'Winter"]: [(104, 0.5719619172837812), (49, 0.42788784800220275)]
["'Winter'"]: [(104, 0.9999235323705561)]
["'Wintrich'"]: [(86, 0.9908759798421708)]
["'Wolff'"]: [(88, 0.940956573620253)]
["'Zeidler'"]: [(34, 0.16038029983785965), (75, 0.07142236208228007), (86, 0.06410814865218663), (149, 0.053646998915994865), (39, 0.05353333413702567), (124, 0.052560081194087505), (22, 0.04881245884464909), (60, 0.04245921134073252), (79, 0.03759175608326473), (146, 0.03550574903255768), (77, 0.030661456368267732), (114, 0.022694861164273702), (16, 0.020712021010654003), (121, 0.020698045029096317), (41, 0.019880682128636945), (119, 0.019547793926913654), (110, 0.019189236118303202), (132, 0.019179958204192354), (5, 0.017791995400164334), (6, 0.01707479226245656), (113, 0.015903670826621995), (126, 0.014240567278651662), (2, 0.012795991443837319), (7, 0.011759611172844013), (104, 0.01126332998371758), (59, 0.010682082088151983), (58, 0.010254083491702879)]
["'Zweigert"]: [(24, 0.968959449343059)]
["'gerichts'"]: [(108, 0.34508086300068064), (104, 0.050784658823745936)]
["'unter'"]: [(145, 0.012383643205926947)]
['']: [(59, 0.3980591539765923), (49, 0.3122908590767902), (116, 0.12329435178728827), (35, 0.05438601594654627), (58, 0.049203814859632496), (115, 0.03332348830515602), (22, 0.02504946001416382)]
