["'"]: [(35, 0.9999747780719095)]
["''"]: [(288, 0.9999775239725538)]
["'.'"]: [(219, 0.25970138926192354)]
["'<us>'"]: []
["'Baer"]: [(262, 0.40001822253389346), (288, 0.18644439402151303), (104, 0.16785160832126328), (213, 0.13647333634873263), (35, 0.0912017692613461), (53, 0.01629280847201401)]
["'Baer'"]: [(219, 0.6839492417811268), (223, 0.14900838716922565), (35, 0.11075740570487284), (231, 0.04830640447977494)]
["'Benda'"]: [(158, 0.4278382596711729), (106, 0.42007156910940435), (34, 0.0964307218053292), (276, 0.05492221904289401)]
["'Berger'"]: [(231, 0.19022283213486235), (244, 0.17634719985422417), (14, 0.1638163337966256), (85, 0.09556124998414842), (242, 0.08356550192202668), (38, 0.07586833859893669), (184, 0.06133022180933607), (182, 0.05881364776640307), (63, 0.051019800505990635), (219, 0.028319378612849867)]
["'Britz"]: [(35, 0.3822199858836177), (262, 0.31430029868708265), (53, 0.2909040372389917), (245, 0.012537652944324204)]
["'Britz'"]: [(231, 0.5285628331249784), (152, 0.46830100686511617)]
["'Bro'"]: []
["'Broß"]: [(231, 0.9998735622756402)]
["'Broß'"]: [(101, 0.9999972618705117)]
["'Bryde"]: [(156, 0.9999783973693774)]
["'Bryde'"]: [(231, 0.999991985883745)]
["'Böckenförde'"]: [(223, 0.9999550632330944)]
["'Böhmer'"]: [(177, 0.9841017105929363)]
["'Christ"]: [(262, 0.6593763981304205), (53, 0.11582094358357961), (104, 0.11450363039387638), (288, 0.045773867587023266), (156, 0.030027209067953736), (101, 0.014049655752735372), (35, 0.012904399644426945)]
["'Christ'"]: [(52, 0.2593623961113312), (152, 0.23125417606772627), (231, 0.19226856928090355), (35, 0.0923768349218213), (262, 0.09105655111851436), (223, 0.08238728331870933), (219, 0.051257474538916506)]
["'DiFabio"]: [(101, 0.9999720407522904)]
["'DiFabio'"]: [(224, 0.9999615490065122)]
["'Di\\xa0Fabio"]: [(104, 0.9606714376410833), (156, 0.037989131638351964)]
["'Di\\xa0Fabio'"]: [(224, 0.9121517500676507), (245, 0.08784240710937366)]
["'Dieterich'"]: [(223, 0.999931629653273)]
["'Drath'"]: [(252, 0.9987489978318981)]
["'Eichberger"]: [(219, 0.5891250160190783), (101, 0.2604439168206636), (53, 0.13492650719351235), (156, 0.015194721733812531)]
["'Eichberger'"]: [(223, 0.5573454346239544), (219, 0.2504385212188681), (116, 0.12134527066030011), (213, 0.07086725762268035)]
["'Ellinghaus'"]: []
["'Faller'"]: [(179, 0.7484659431601987), (68, 0.23573214797770622)]
["'Federer"]: [(283, 0.7580791297709358), (22, 0.17980957191756966)]
["'Friesenhahn'"]: [(264, 0.9333545859730843)]
["'Fröhlich'"]: [(102, 0.6641395200253889), (93, 0.27400780285645887)]
["'Gaier"]: [(262, 0.6281037562009861), (213, 0.2408544310653179), (288, 0.07688651721989061), (101, 0.022318219933051008), (53, 0.018496142296091114), (165, 0.013277748424394806)]
["'Gaier'"]: [(223, 0.7106479713205894), (152, 0.2381169645368506), (288, 0.05123314741810321)]
["'Geiger'"]: [(274, 0.9395399673921317)]
["'Gerhard"]: [(116, 0.3155582925936957), (35, 0.16458479475072302), (52, 0.14622638332553525), (121, 0.01266219149718313)]
["'Gerhardt"]: [(104, 0.42417028585209166), (288, 0.2859882260858762), (35, 0.13779664542415052), (219, 0.08710394957286344), (262, 0.04060831758582499), (152, 0.02432465378404023)]
["'Gerhardt'"]: [(165, 0.9999723275602829)]
["'Graßhof"]: [(152, 0.9949228003479468)]
["'Graßhof'"]: [(223, 0.9999911376804232)]
["'Grimm"]: []
["'Grimm'"]: [(223, 0.9999920657249571)]
["'H.-J.Rinck'"]: [(102, 0.07961778751309903), (209, 0.059411226220591216), (34, 0.059232018828372195), (22, 0.05653337725628254), (97, 0.053056168565332726), (72, 0.04975855719140937), (214, 0.04554953598477866), (2, 0.0383116758412572), (118, 0.03356493280650109), (164, 0.032786038533998065), (224, 0.029143974518887585), (158, 0.028282108620682752), (145, 0.0273876789433857), (139, 0.026196947043759446), (122, 0.02542949871886983), (293, 0.024325186438493313), (159, 0.021954505486945428), (152, 0.021485816072177817), (222, 0.021139672710408095), (282, 0.021126389549350158), (211, 0.017460032157935224), (146, 0.016860114555548422), (23, 0.016139574068166216), (95, 0.016068875356744332), (238, 0.015711782163264167), (100, 0.014763343237179004), (257, 0.013817336808534388), (86, 0.012939962572827732), (283, 0.01156512372979166), (121, 0.011504247500020902), (269, 0.011481066784416197), (179, 0.011171346234891204), (226, 0.010898482998338661), (171, 0.010121645318839943)]
["'Haas"]: [(219, 0.9488496245886318), (92, 0.05094805908409328)]
["'Haas'"]: [(116, 0.9999891182355127)]
["'Harbarth'"]: [(116, 0.4258562007945008), (223, 0.35642066225661745), (35, 0.12386282043569344), (262, 0.05109961886658079), (53, 0.042115020912820815)]
["'Hasseme"]: []
["'Hassemer"]: [(165, 0.9999656827522491)]
["'Hassemer'"]: [(288, 0.999996168380919)]
["'Heck'"]: [(223, 0.5806266663749166), (247, 0.19332756830827008), (62, 0.15312012596583566), (264, 0.07043540379742169)]
["'Heiland'"]: [(35, 0.771613499992938), (252, 0.22747335320605142)]
["'Henneka'"]: [(116, 0.9415134617080161)]
["'Henschel'"]: [(219, 0.9999665976001024)]
["'Hentschel'"]: [(52, 0.5406986597377184), (229, 0.18457682063813222), (4, 0.11510042176196392), (133, 0.08425318501331783), (181, 0.031462428342509854), (29, 0.031445211072460774)]
["'Hermanns"]: [(213, 0.780617095758648), (156, 0.07222362191248931), (35, 0.07109448276387939), (288, 0.034943819764911836), (219, 0.016615292003229698), (53, 0.013526060107277435)]
["'Hermanns'"]: [(223, 0.9999894425892872)]
["'Herrmanns'"]: [(34, 0.43239976121963714), (224, 0.23246457899121145), (116, 0.05112551295548543), (231, 0.019454721838090536), (219, 0.013214604278291265)]
["'Herzog'"]: [(152, 0.9997011581249088)]
["'Hesse'"]: [(159, 0.4256988398925423), (53, 0.22788914051276107), (158, 0.12142254338109011), (292, 0.11409307541909425), (207, 0.04665249183289432), (40, 0.04620147188831942), (48, 0.017316182030360724)]
["'Heußner'"]: [(58, 0.289837180180577), (181, 0.09028946076632002), (60, 0.08140962203480231), (81, 0.0800083177178884), (111, 0.05541306363245786), (100, 0.04434276133950157), (219, 0.03800424579425208), (220, 0.035833384406352926), (50, 0.02560709468298083), (41, 0.025006448165891405), (292, 0.02423681441160749), (189, 0.02239130709424049), (109, 0.02104500926537181), (68, 0.018262342525494427), (27, 0.017430731003243265), (214, 0.016963575895791255), (224, 0.015683232476495744), (117, 0.014016555983482198), (55, 0.013918796761483897), (227, 0.01288463459301597), (8, 0.011133422787521014), (269, 0.010144255993478775)]
["'Hmig'"]: []
["'Hoffmann-Riem"]: [(262, 0.9999946837015801)]
["'Hoffmann-Riem'"]: [(152, 0.9999812527701021)]
["'Hohmann-Dennhard"]: []
["'Hohmann-Dennhardt"]: [(53, 0.9999783900441791)]
["'Hohmann-Dennhardt'"]: [(245, 0.9999943712982744)]
["'Huber"]: [(101, 0.7336204165383169), (104, 0.1790552263355026), (53, 0.06314944274116323), (108, 0.024143474579527632)]
["'Huber'"]: [(262, 0.6132085086382308), (224, 0.2623093916333476), (104, 0.08410071021357167), (288, 0.026154249534016273), (156, 0.014221759016207392)]
["'Härtel"]: [(223, 0.39130709811909997), (219, 0.19430448864360883), (262, 0.10940022028540096), (213, 0.06966515031745613), (288, 0.05112973055426726), (53, 0.04431718198024795), (152, 0.04254175599939077), (101, 0.039800191551166944), (156, 0.028828248417806415), (104, 0.028658220677650354)]
["'Hömig"]: [(219, 0.9995233379141403)]
["'Hömig'"]: [(219, 0.9999895505324085)]
["'Höpker-Aschoff'"]: []
["'Jaeger"]: [(116, 0.9998730630996029)]
["'Jaeger'"]: [(219, 0.9999820603340256)]
["'Jentsch"]: [(59, 0.7412549392777299), (152, 0.2583585797588962)]
["'Jentsch'"]: [(223, 0.9999884053468059)]
["'Jentsch;'"]: []
["'Jäger'"]: [(214, 0.5889598548752789), (227, 0.18786869886749147), (191, 0.12394341000685084), (255, 0.03525609434950766), (3, 0.03237560238864034), (111, 0.02124659578955931)]
["'Katz'"]: [(135, 0.9408746916080135)]
["'Katzenstein"]: [(242, 0.9843644000553341)]
["'Katzenstein'"]: [(160, 0.14962086995841592), (116, 0.10231672137966147), (206, 0.08434035990032045), (59, 0.06503082384542788), (220, 0.06360045845175005), (121, 0.06272836487245548), (292, 0.06080696086103446), (44, 0.05197359862741738), (8, 0.046459208468032136), (86, 0.045935382642275195), (294, 0.043088147913944524), (266, 0.03501042594072718), (21, 0.028777992306931663), (87, 0.026031515802537868), (144, 0.0258229743998528), (50, 0.025673958241851074), (181, 0.018068887830174067), (1, 0.012384452425186895), (136, 0.010762498607030125)]
["'Kessal-Wulf"]: [(213, 0.566075127688017), (35, 0.4337936874043352)]
["'Kessal-Wulf'"]: [(101, 0.6504854594215366), (288, 0.3495098523977547)]
["'Kessal-Wulff"]: [(104, 0.5214441792175348), (288, 0.21502097166772308), (165, 0.15117259983525327)]
["'Kessal-Wulff'"]: [(245, 0.21485879603408672), (53, 0.07092748588262902), (213, 0.019442840616452243)]
["'Khling'"]: []
["'Kirchhof"]: [(223, 0.8227924010726718), (104, 0.1771602752426207)]
["'Kirchhof'"]: [(52, 0.9999945494336963)]
["'Klaas'"]: [(244, 0.9400562436575528)]
["'Klein'"]: [(223, 0.9999523397931055)]
["'Kruis"]: [(241, 0.4919290470713536), (59, 0.30018773719792874), (52, 0.20729358982606177)]
["'Kruis'"]: [(152, 0.9999604786889855)]
["'König"]: [(219, 0.6593295248455336), (104, 0.3100074014996666), (213, 0.030635678265910717)]
["'König'"]: [(223, 0.640636152254554), (35, 0.3593496419947475)]
["'Kühling"]: [(116, 0.5609969106522861), (188, 0.4384529326908861)]
["'Kühling'"]: [(223, 0.9999892339147162)]
["'Landau"]: [(156, 0.4014654775096736), (35, 0.2903052499877712), (152, 0.23492262811227327), (223, 0.07328355130048654)]
["'Landau'"]: [(223, 0.43936357881829907), (101, 0.3281895750082876), (152, 0.20581593151952166), (116, 0.026063723556214564)]
["'Langenfeld"]: [(104, 0.43003449587389586), (35, 0.23140528494351492), (262, 0.15877765632199553), (156, 0.12592796194860112), (288, 0.03203495716489041), (162, 0.02180234035333172)]
["'Langenfeld'"]: [(224, 0.8664505747289457), (49, 0.07545748345527985), (223, 0.058044923320022576)]
["'Lehmann"]: []
["'Lehmann'"]: []
["'Leuser'"]: [(200, 0.9396008579961637)]
["'Limbach'"]: [(152, 0.9999701714405478)]
["'Lübbe-Woff"]: [(262, 0.026445394865337625), (219, 0.026040297633325993)]
["'Lübbe-Woff'"]: []
["'Lübbe-Wolff"]: [(162, 0.5606054607714772), (108, 0.43936481504221137)]
["'Lübbe-Wolff'"]: [(219, 0.9617966422716304), (104, 0.03819593270004309)]
["'Mahrenholz'"]: [(223, 0.8025626402817432), (186, 0.19485873893681813)]
["'Maidowski"]: [(101, 0.7538179160943409), (262, 0.20335783690759976), (53, 0.04281223168819224)]
["'Maidowski'"]: [(224, 0.70391275848036), (165, 0.2341487676434215), (52, 0.06191577341370784)]
["'Masing"]: [(262, 0.7724094449971028), (152, 0.10280825421190157), (104, 0.0989111749636936), (53, 0.02585022619991915)]
["'Masing'"]: [(152, 0.44378724071134523), (223, 0.38509393420575944), (219, 0.14828106622602097), (116, 0.022818057060561267)]
["'Mellinghoff"]: [(104, 0.9999922423901101)]
["'Mellinghoff'"]: [(35, 0.39228935608324844), (152, 0.3696625450710587), (223, 0.23804104695310993)]
["'Mitwirkung'"]: []
["'Müller"]: [(152, 0.5545615977520655), (35, 0.1289759682320237), (288, 0.0991125899420194), (104, 0.09805785555693876), (213, 0.05021288923716187), (262, 0.04038183606614696), (101, 0.028656308612921944)]
["'Müller'"]: [(152, 0.7168048040218675), (223, 0.20374939508013085), (213, 0.07744773718666464)]
["'Niebler'"]: [(223, 0.1320240574797081), (149, 0.08059751580188479), (49, 0.07004480354850558), (253, 0.057639747522182164), (226, 0.054910085893157684), (79, 0.051480182419708316), (288, 0.046111381492416614), (202, 0.04362195542324139), (152, 0.04291380549704606), (101, 0.03461441773028565), (232, 0.033688242774233476), (173, 0.03240185012547745), (86, 0.028825366579926084), (255, 0.028197351237997843), (113, 0.026781769741633134), (211, 0.02550316339944393), (230, 0.02242147478219079), (3, 0.019622296181572265), (297, 0.017287280647987048), (116, 0.015274309954851828), (107, 0.015253734873947475), (14, 0.013290438553443), (159, 0.01145781599373389), (280, 0.010427489070092541)]
["'Niedermaier"]: [(181, 0.194190705458642), (0, 0.1846938664424874), (23, 0.15485459673393612), (60, 0.08824678961468889), (201, 0.05861526990303208), (58, 0.04975689111050116), (217, 0.042291482393529846), (250, 0.028092700965828055), (171, 0.024234684138106012), (129, 0.02240776872718478), (98, 0.019890175858760656), (188, 0.018791982556354177), (215, 0.01839637330099069), (191, 0.015630077304624488), (82, 0.014332795600802358), (135, 0.013422292683262385), (8, 0.010192760248584029)]
["'Niemeyer'"]: [(262, 0.11916144315874827), (81, 0.09679542121300375), (266, 0.08169577284765146), (86, 0.06792596745676562), (160, 0.06300163701236991), (93, 0.06078566176880779), (178, 0.044422570795781234), (38, 0.043833832637028426), (71, 0.03623181806451291), (129, 0.034104256081653885), (294, 0.03250059637757405), (76, 0.02924153627729224), (25, 0.029140414467818225), (74, 0.02909434906328912), (224, 0.028454119720471873), (199, 0.028129860419520664), (153, 0.02154038649599539), (236, 0.018594961111803494), (277, 0.017519245811036227), (287, 0.016116594350765127), (5, 0.015938233101196592), (278, 0.015262916113616366), (147, 0.013618456739112753), (218, 0.012048566240294654), (292, 0.011807057344479878)]
["'Osterloh"]: [(152, 0.9998994670405815)]
["'Osterloh'"]: [(213, 0.9999879700850847)]
["'Ott"]: [(262, 0.397239522536358), (223, 0.19553032730104777), (152, 0.13756500261782614), (35, 0.12993199176123754), (101, 0.08489421147454217), (283, 0.037353721151070156), (104, 0.017424610624888495)]
["'Ott'"]: [(223, 0.4054694029872484), (219, 0.32954733056386604), (116, 0.2190702212077238), (231, 0.045817576884736325)]
["'Papier'"]: [(35, 0.9999913081226376)]
["'Paulus"]: [(262, 0.8308475976522097), (35, 0.13433808603273079), (156, 0.018413639302332988), (231, 0.01524651539759661)]
["'Paulus'"]: [(245, 0.42400298690397276), (35, 0.3378267754911843), (219, 0.14353527629623772), (262, 0.094626242867149)]
["'Radtke"]: [(53, 0.6677235135544777), (35, 0.19345185429726028), (219, 0.13875089931333148)]
["'Radtke'"]: [(283, 0.5300835206528229), (52, 0.2621980501069838), (223, 0.1067504007334114), (224, 0.08320810389066843), (165, 0.01363632294376907)]
["'Rinck'"]: [(22, 0.14560994652764597), (242, 0.08594542025621157), (14, 0.08491737374836968), (49, 0.07992350847630783), (277, 0.06411342536992934), (79, 0.06371534323778855), (153, 0.04692805123663148), (102, 0.03815638247715456), (65, 0.035410652085434244), (231, 0.031247280432240447), (278, 0.030247008932113777), (104, 0.02921018960029666), (266, 0.027644120105358425), (269, 0.02602244354447475), (107, 0.024895025323329278), (75, 0.0228373057666414), (100, 0.020815686356718963), (240, 0.017437487776645458), (158, 0.01742404259763683), (28, 0.017016623957575507), (37, 0.014979759996894904), (148, 0.013238048243148724), (116, 0.010915795894300797), (132, 0.010552361067378405)]
["'Ritterspach"]: [(245, 0.22368919979943697), (298, 0.16486736852357617), (18, 0.13199002042557803), (282, 0.12944241815103605), (274, 0.1255243097392543), (276, 0.10272800992341814), (121, 0.06966134763177739), (266, 0.027824767299692386), (13, 0.020624535838309897)]
["'Ritterspach'"]: [(138, 0.5984833910265102), (257, 0.39921199335371954)]
["'Roediger'"]: [(223, 0.940678281582924)]
["'Rottmann"]: [(34, 0.12256433852763814), (226, 0.08007980753421007), (72, 0.07485076150381258), (117, 0.06227770498571022), (77, 0.058561361972736405), (79, 0.056965866899481105), (198, 0.05228680914724963), (295, 0.045206499315917234), (139, 0.04505158026547841), (242, 0.037742579821749625), (102, 0.03639382758581669), (104, 0.035775124783286094), (231, 0.033994180159687644), (209, 0.031988335330648356), (213, 0.03078235066634174), (293, 0.02601669951764089), (178, 0.016671790348773172), (118, 0.016029147168418082), (131, 0.015771385202885624), (207, 0.014647665966165364), (159, 0.013921100893299076), (253, 0.012818037665465007)]
["'Rottmann'"]: [(49, 0.11895835082999485), (75, 0.0769023735219359), (204, 0.07523733181378293), (149, 0.06280903635786911), (168, 0.05814230184247402), (72, 0.057396771406909505), (153, 0.051873500242570626), (265, 0.045772670521454846), (114, 0.04484653546819005), (288, 0.041096921029060936), (255, 0.03032967105054687), (139, 0.028046464212300264), (86, 0.023784499015346558), (148, 0.023693944408406744), (97, 0.022052327129268398), (20, 0.020569511176617903), (152, 0.018480851313592287), (66, 0.015903035062234668), (16, 0.015158306907056884), (99, 0.014372962757638177), (223, 0.013594352797184406), (185, 0.013299948212747352), (78, 0.012023159420790588), (106, 0.011336107790144724), (21, 0.011228371028016172), (60, 0.011208583907224616), (229, 0.010251241252302219)]
["'Rupp'"]: [(253, 0.9397348368994916)]
["'Scheffler'"]: [(125, 0.958854310492964), (145, 0.039887369910658936)]
["'Schluckebier"]: [(219, 0.7233573116490427), (116, 0.18233045222457148), (280, 0.05934023605269425), (156, 0.03496563736308016)]
["'Schluckebier'"]: [(219, 0.9999964410696928)]
["'Scholtissek'"]: [(234, 0.9987269790782998)]
["'Seibert"]: [(223, 0.9302657126924369), (152, 0.06953463764146274)]
["'Seibert'"]: [(264, 0.9974835920916749)]
["'Seidl"]: [(223, 0.9995521340952397)]
["'Seidl'"]: [(152, 0.9999534882938448)]
["'Simon'"]: [(39, 0.5389416184977043), (283, 0.2587266124694195), (197, 0.16824296468744807), (162, 0.023587419246108732)]
["'Sommer"]: [(223, 0.9985580731013685)]
["'Sommer'"]: [(223, 0.9999951250904677)]
["'Stein'"]: []
["'Steinberger'"]: [(288, 0.1345175051355615), (16, 0.058595696233543285), (77, 0.058575743677103234), (28, 0.05702271927856951), (49, 0.05526029460787649), (143, 0.0496100559289562), (199, 0.04559809101231567), (231, 0.04456852014386201), (156, 0.04382804535939806), (277, 0.037236885690223966), (165, 0.031364147797969325), (146, 0.03040133879587231), (22, 0.030032532562263656), (139, 0.02975948310408687), (2, 0.0297038683029021), (226, 0.0295875805079383), (280, 0.026524547199165357), (238, 0.02566823707019069), (84, 0.018934209845853242), (116, 0.01770855337130328), (50, 0.017459583629362365), (24, 0.015931173636921255), (170, 0.014263956629499124), (75, 0.011677160936624737), (167, 0.010259290096250293)]
["'Steiner"]: [(116, 0.9999349882721061)]
["'Steiner'"]: [(283, 0.9999955676838327)]
["'Söllner'"]: [(152, 0.5926474701815067), (116, 0.40731966014499604)]
["'Träger'"]: [(97, 0.07864833758564506), (147, 0.07610859174833026), (78, 0.06131454722036235), (72, 0.05658521411911416), (34, 0.0498053340513846), (257, 0.04901665044246106), (149, 0.04660382832624897), (14, 0.04594710124481122), (58, 0.04406142770002165), (65, 0.04114279410831003), (242, 0.035011237223523346), (202, 0.033033226064879774), (297, 0.028835640172015824), (291, 0.028588776856736428), (188, 0.02590894346123133), (116, 0.02505490267803073), (104, 0.021592940383066153), (240, 0.02158497137230876), (232, 0.021456773888852504), (62, 0.01878774593585287), (234, 0.017454459719668847), (239, 0.015607856821913393), (299, 0.015324307546441774), (295, 0.014924530787607141), (115, 0.013927853560967787), (288, 0.013372965670115282), (177, 0.013135369405924842), (86, 0.012893496510854557), (198, 0.011491432880075673), (228, 0.010064692217026508)]
["'Vosskuhle'"]: []
["'Voßkuhle'"]: [(223, 0.617930627314725), (219, 0.3515477999628618), (280, 0.030494487750414172)]
["'Wallrabensein"]: [(34, 0.09533801852363051), (223, 0.03411973324618623), (53, 0.02046768878493436)]
["'Wallrabenstein"]: [(223, 0.47149814681042856), (219, 0.39206205606972644), (35, 0.07179940276639621), (152, 0.058921343430192806)]
["'Wallrabenstein'"]: [(34, 0.5906548498314265)]
["'Wand'"]: [(34, 0.1240938920787024), (153, 0.07622242970233607), (242, 0.06777810617153338), (22, 0.05786713751576608), (277, 0.05576763638871555), (149, 0.04941001910482976), (255, 0.047677271686150276), (146, 0.04496722626023964), (265, 0.041656492938834534), (168, 0.03963682542343861), (291, 0.035375792241586726), (49, 0.034735517558481394), (293, 0.03383953359592406), (196, 0.03347566608123814), (250, 0.029215015801733663), (288, 0.024666785025512825), (77, 0.021400599667111605), (64, 0.019972699531965676), (10, 0.015739471324115035), (202, 0.014632509054873205), (41, 0.012703941310897344), (14, 0.012208643139424016), (28, 0.01156657921391506), (113, 0.011216446569480796), (145, 0.01116587239189842), (190, 0.011101590662178019)]
["'Wessel'"]: [(218, 0.9976706322454622)]
["'Winter"]: [(228, 0.636166879560087), (213, 0.36368085868442374)]
["'Winter'"]: [(104, 0.9999230705924745)]
["'Wintrich'"]: []
["'Wolff'"]: [(245, 0.8329595076640322), (23, 0.10580418924577988)]
["'Zeidler'"]: [(22, 0.10250477360728817), (262, 0.08623789596131547), (153, 0.08489934270315967), (119, 0.07980978371295573), (49, 0.06947097716971651), (226, 0.04414619412917222), (280, 0.03910344218540957), (34, 0.03629945417267813), (28, 0.0346917862162391), (91, 0.031097423052382035), (165, 0.02925397791002035), (146, 0.02692478483341422), (240, 0.026887828565001867), (147, 0.025780158341856485), (79, 0.02424865067728713), (110, 0.023922045244610647), (139, 0.02391396429667554), (102, 0.020966852742775398), (204, 0.02003432080737539), (298, 0.014898617913136491), (114, 0.013322251060332066), (101, 0.012935108539296651), (256, 0.0119770454051645), (277, 0.010847359890850507), (292, 0.010420254907410524)]
["'Zweigert"]: []
["'gerichts'"]: [(262, 0.1751540652186858)]
["'unter'"]: []
['']: [(35, 0.635000988888158), (156, 0.14263305246267818), (280, 0.09245637823131585), (49, 0.07724807096073744), (115, 0.05265322947012232)]
