["'"]: [(35, 0.9999721502608728)]
["''"]: [(165, 0.9999806449126775)]
["'.'"]: []
["'<us>'"]: []
["'Baer"]: [(219, 0.6042778671678515), (345, 0.3514873909027223), (53, 0.03223105529302938)]
["'Baer'"]: [(223, 0.5989315914420884), (231, 0.24444129972497697), (345, 0.15659204910270763)]
["'Benda'"]: [(53, 0.5348616388131799), (86, 0.30089665805786187), (396, 0.07934294042268568), (35, 0.059040425819311015), (177, 0.013814854075269946), (49, 0.011312992011647052)]
["'Berger'"]: [(390, 0.2543568587967162), (280, 0.19477501387122942), (279, 0.12249626289267428), (264, 0.10353378741161355), (240, 0.06950553493900573), (310, 0.04551975124752179), (258, 0.040081092031398716), (158, 0.03820158200685719), (267, 0.033571532477281736), (307, 0.0309504681868322), (108, 0.029208949984496427), (323, 0.014966431673506444)]
["'Britz"]: [(219, 0.4475455393657508), (152, 0.27776870378436075), (53, 0.2710269597801757)]
["'Britz'"]: [(360, 0.6564172808851053), (231, 0.34354572976639064)]
["'Bro'"]: []
["'Broß"]: [(345, 0.9998906257908995)]
["'Broß'"]: [(345, 0.9999977001802308)]
["'Bryde"]: [(345, 0.9999826944684703)]
["'Bryde'"]: [(231, 0.6090696227542312), (184, 0.3909218499265887)]
["'Böckenförde'"]: [(223, 0.9999550392413098)]
["'Böhmer'"]: [(187, 0.9892371491301436)]
["'Christ"]: [(345, 0.46730473785971716), (219, 0.3140397302992899), (53, 0.1624706515429841), (348, 0.05431045690577707)]
["'Christ'"]: [(348, 0.28164560792946236), (223, 0.2520742401424678), (345, 0.24038422203607038), (152, 0.07078299283879332), (288, 0.06497176513802674), (231, 0.05269813782701942), (360, 0.03740558668331259)]
["'DiFabio"]: [(345, 0.9999721004479535)]
["'DiFabio'"]: [(360, 0.99996285067186)]
["'Di\\xa0Fabio"]: [(101, 0.8511958286200544), (348, 0.1474263906944475)]
["'Di\\xa0Fabio'"]: [(360, 0.9999943616699357)]
["'Dieterich'"]: [(333, 0.5726675981401541), (152, 0.4272636820265496)]
["'Drath'"]: []
["'Eichberger"]: [(345, 0.9060323327830805), (53, 0.0791684497160658), (372, 0.014488907237769553)]
["'Eichberger'"]: [(223, 0.41079421902467533), (345, 0.31578261375616834), (348, 0.15920425405748484), (116, 0.06859824215351866), (219, 0.045616998563362085)]
["'Ellinghaus'"]: []
["'Faller'"]: []
["'Federer"]: [(118, 0.930233842779273), (120, 0.010658336737814394)]
["'Friesenhahn'"]: [(88, 0.9416170296422857)]
["'Fröhlich'"]: [(262, 0.8993883342711698), (261, 0.039376347377281726)]
["'Gaier"]: [(219, 0.6608129393133939), (345, 0.33232629249183027)]
["'Gaier'"]: [(345, 0.5858025497156503), (223, 0.3261342784983721), (152, 0.08806130121835531)]
["'Geiger'"]: [(26, 0.7408207653335522), (49, 0.19775943063985651)]
["'Gerhard"]: [(245, 0.4129356922587616), (35, 0.0711887493029067), (121, 0.029063827614551438)]
["'Gerhardt"]: [(152, 0.9942138978123228)]
["'Gerhardt'"]: [(345, 0.5395132998169189), (152, 0.46046459064964335)]
["'Graßhof"]: [(86, 0.6401737173712275), (312, 0.3139115346653162), (188, 0.04065739121968111)]
["'Graßhof'"]: [(223, 0.9999911683662032)]
["'Grimm"]: []
["'Grimm'"]: [(219, 0.9999920711655292)]
["'H.-J.Rinck'"]: [(223, 0.16743983964673897), (280, 0.06974543721572164), (213, 0.06702899741280537), (382, 0.06609067320110974), (168, 0.05378910604400384), (79, 0.05059335858835118), (132, 0.048805531888138604), (262, 0.04417583029458472), (72, 0.03149574538161934), (149, 0.028568770118525735), (358, 0.026663327971268747), (152, 0.024946322142446447), (330, 0.02372960182423768), (364, 0.022792453514599083), (16, 0.02119206904399673), (108, 0.02087896095159574), (348, 0.020807272525507542), (346, 0.020757192600027757), (387, 0.016893214174452633), (309, 0.016494929609307468), (326, 0.016331017542195486), (184, 0.016018904123714154), (307, 0.015979684792827697), (107, 0.014856312016455727), (269, 0.01390526489209566), (124, 0.013806103737678098), (283, 0.01033978697407378)]
["'Haas"]: [(219, 0.7015882844089875), (92, 0.2982088502461266)]
["'Haas'"]: [(116, 0.9999896276548234)]
["'Harbarth'"]: [(223, 0.7883357781990225), (53, 0.11692091054409008), (345, 0.07932217031462886)]
["'Hasseme"]: []
["'Hassemer"]: [(345, 0.9999653062037607)]
["'Hassemer'"]: [(288, 0.9999964195861885)]
["'Heck'"]: [(283, 0.34005031953562054), (156, 0.2618874635607211), (93, 0.2523709286373751), (395, 0.04966075446357727), (40, 0.029254288943516425), (72, 0.02842166018846898), (82, 0.027915440678035183)]
["'Heiland'"]: [(188, 0.5985343565242439), (66, 0.24408936428977357), (262, 0.15668218747487697)]
["'Henneka'"]: [(169, 0.45199951660633164), (358, 0.39375684985002357), (292, 0.09050475490153768)]
["'Henschel'"]: [(152, 0.9999674782066488)]
["'Hentschel'"]: [(362, 0.5879049271299828), (369, 0.37200149189747245), (398, 0.03604036858285017)]
["'Hermanns"]: [(345, 0.8640265828545157), (223, 0.13484659612266192)]
["'Hermanns'"]: [(345, 0.8764406945006137), (104, 0.12355048835469702)]
["'Herrmanns'"]: [(146, 0.19532773658944716), (213, 0.1463931656203809), (223, 0.0983913760014756), (104, 0.09837160241271645), (231, 0.04086159088503959), (152, 0.0347790942706404), (360, 0.02289042531671043)]
["'Herzog'"]: [(223, 0.8717268245847972), (333, 0.12797548318456858)]
["'Hesse'"]: [(65, 0.30517898414313055), (58, 0.27395921370864895), (313, 0.14295637777946238), (126, 0.07781921949324418), (392, 0.05793799352610537), (115, 0.04769660819986931), (160, 0.04686760200992593), (67, 0.046856871693860574)]
["'Heußner'"]: [(95, 0.20932077203779736), (330, 0.10869843451594556), (231, 0.08675079077264919), (280, 0.07438879672186466), (86, 0.0688296322853143), (370, 0.05954770640893155), (113, 0.05949411215269127), (363, 0.04968274722783006), (291, 0.04541167148544534), (168, 0.03936406086106195), (102, 0.027107709267339058), (361, 0.024370642534222924), (188, 0.021251737181261086), (353, 0.01986177687726155), (262, 0.01963404192637064), (294, 0.014356989133506973), (152, 0.011325314401106141), (325, 0.010596227270749426)]
["'Hmig'"]: []
["'Hoffmann-Riem"]: [(219, 0.9999944011261643)]
["'Hoffmann-Riem'"]: [(184, 0.99997436273179)]
["'Hohmann-Dennhard"]: []
["'Hohmann-Dennhardt"]: [(53, 0.9999781598504771)]
["'Hohmann-Dennhardt'"]: [(360, 0.9966941849366422)]
["'Huber"]: [(345, 0.7300257489617377), (288, 0.24428932148992133), (53, 0.02565415739315029)]
["'Huber'"]: [(219, 0.6253856264216762), (345, 0.30311040541703804), (104, 0.041690243446375154), (53, 0.029808510903870357)]
["'Härtel"]: [(348, 0.3947197658733591), (345, 0.2181254035259811), (219, 0.172419610770175), (53, 0.0634834980020919), (152, 0.05585227427814563), (223, 0.05316951023413285), (360, 0.0421781383345402)]
["'Hömig"]: [(345, 0.9995536384788409)]
["'Hömig'"]: [(213, 0.9999876735069101)]
["'Höpker-Aschoff'"]: []
["'Jaeger"]: [(392, 0.999870960872056)]
["'Jaeger'"]: [(219, 0.9999822436586132)]
["'Jentsch"]: [(372, 0.9995995980519686)]
["'Jentsch'"]: [(345, 0.9999880975490458)]
["'Jentsch;'"]: []
["'Jäger'"]: [(39, 0.5045368077871157), (98, 0.33492106944302585), (6, 0.08572294679409656), (398, 0.0706996021746905)]
["'Katz'"]: [(58, 0.4789257147101174), (389, 0.4438223011432728), (367, 0.013845667284727435)]
["'Katzenstein"]: []
["'Katzenstein'"]: [(2, 0.09037627957430261), (262, 0.08983014350338248), (181, 0.08722587983665932), (116, 0.0801176866925657), (23, 0.07680424870787678), (381, 0.07213754980039923), (277, 0.07152458929686133), (382, 0.05849357478103999), (280, 0.057863560384623994), (0, 0.05616496825125989), (156, 0.05032699124958012), (68, 0.03423635147686081), (148, 0.02997507327305461), (97, 0.02937750284816084), (55, 0.023696127444344836), (103, 0.020308196854199864), (349, 0.019612660490254376), (21, 0.0177590706838945), (288, 0.013984681177903293), (225, 0.010885843209530148)]
["'Kessal-Wulf"]: [(345, 0.9710108638928421), (348, 0.028872933106984383)]
["'Kessal-Wulf'"]: [(165, 0.8076644340302704), (288, 0.19232977837257176)]
["'Kessal-Wulff"]: [(288, 0.8612092064357032)]
["'Kessal-Wulff'"]: [(305, 0.03702979704342764)]
["'Khling'"]: []
["'Kirchhof"]: [(223, 0.9999498735999264)]
["'Kirchhof'"]: [(152, 0.9999948526759092)]
["'Klaas'"]: [(85, 0.9412022087360243)]
["'Klein'"]: [(223, 0.9999523143471639)]
["'Kruis"]: [(296, 0.8317420072579556), (158, 0.16767898284510274)]
["'Kruis'"]: [(104, 0.9999604659450093)]
["'König"]: [(152, 0.6846399856037957), (345, 0.3153341145743528)]
["'König'"]: [(152, 0.491529741894198), (104, 0.449180921480873), (223, 0.05927579411058318)]
["'Kühling"]: [(360, 0.9988260265271867)]
["'Kühling'"]: [(223, 0.9999892233797937)]
["'Landau"]: [(345, 0.9184146697825137), (152, 0.06483977094688127)]
["'Landau'"]: [(345, 0.6981997203396307), (223, 0.17756318851550568), (152, 0.12365028125371072)]
["'Langenfeld"]: [(345, 0.8736597609189579), (360, 0.12030046008419093)]
["'Langenfeld'"]: [(165, 0.4773431477689685), (223, 0.4027325871923661), (360, 0.06333824936176256), (345, 0.056545133211407715)]
["'Lehmann"]: [(60, 0.9943323100949883)]
["'Lehmann'"]: []
["'Leuser'"]: [(81, 0.9393341484541425)]
["'Limbach'"]: [(152, 0.9999701914863812)]
["'Lübbe-Woff"]: [(104, 0.0236704264635744), (156, 0.010976495152192355)]
["'Lübbe-Woff'"]: []
["'Lübbe-Wolff"]: [(345, 0.9999788158848829)]
["'Lübbe-Wolff'"]: [(152, 0.9056019203267659), (104, 0.09439166794806177)]
["'Mahrenholz'"]: [(223, 0.9997510597392748)]
["'Maidowski"]: [(345, 0.6973056727953721), (152, 0.3026819963798556)]
["'Maidowski'"]: [(152, 0.4917021275256461), (104, 0.4721939920680415), (116, 0.03608361752895149)]
["'Masing"]: [(219, 0.6929659482986992), (345, 0.30303074575624334)]
["'Masing'"]: [(219, 0.6060906328710122), (223, 0.38873334026818224)]
["'Mellinghoff"]: [(345, 0.9999948067965907)]
["'Mellinghoff'"]: [(223, 0.9999925344075355)]
["'Mitwirkung'"]: []
["'Müller"]: [(288, 0.6894597492983088), (345, 0.2079003944219549), (152, 0.08101992780522473), (219, 0.017630296572132123)]
["'Müller'"]: [(223, 0.5893462142516891), (288, 0.3939836317519583), (360, 0.016662437372307826)]
["'Niebler'"]: [(377, 0.09197624825247777), (158, 0.06334924465647991), (143, 0.0616148594163429), (314, 0.053446701178682714), (319, 0.05102852652121581), (204, 0.05089624305618433), (328, 0.048958436442052146), (326, 0.04160494795564255), (380, 0.03926064739074576), (393, 0.03542343410742167), (378, 0.034342831992892224), (14, 0.02965691134541167), (339, 0.029077529718628523), (322, 0.02841840916741475), (321, 0.027504352373219017), (230, 0.026377977020702416), (310, 0.02628293900140473), (278, 0.023550765917048782), (233, 0.02309305237781974), (360, 0.02186058934322162), (88, 0.018401636544567362), (97, 0.017966369626072478), (163, 0.016884116271381266), (323, 0.014231893510087277), (365, 0.011666858896763855), (309, 0.01119507443908099), (350, 0.010710262658213628), (392, 0.010686896132073152), (293, 0.010385767332120195)]
["'Niedermaier"]: [(304, 0.09235492178916768), (50, 0.06313925641810705), (53, 0.06147483191634152), (279, 0.05377421017289349), (259, 0.049898096771151826), (115, 0.048891372494587734), (33, 0.048752496324172924), (322, 0.0422535696739468), (262, 0.04200159890593441), (269, 0.04043624275314042), (164, 0.0398859842188411), (371, 0.0377567851888523), (137, 0.036960164659194196), (313, 0.03127074470430953), (81, 0.030074372318020456), (294, 0.028604135505341362), (247, 0.028348319396952787), (107, 0.026479628588519755), (289, 0.023562071800033293), (191, 0.021726632347277494), (125, 0.019879101551628687), (228, 0.018548605135677007), (13, 0.01846491731203804), (243, 0.017649849953139795), (395, 0.016611273576586316), (166, 0.015953495737433654), (3, 0.010732061291583593), (38, 0.010172534869840535)]
["'Niemeyer'"]: [(280, 0.17219432553222858), (381, 0.16125431142291005), (201, 0.11513526789451789), (8, 0.07913686382490176), (210, 0.07501216358816269), (231, 0.05999084651473793), (103, 0.04205000011775599), (354, 0.04151323309779347), (141, 0.02585541460060358), (152, 0.022915123983162294), (143, 0.0214650968592202), (224, 0.02011243901353909), (110, 0.020050788026134553), (355, 0.019799187308562678), (181, 0.01941460257307568), (289, 0.018171083504397792), (129, 0.016433730019319786), (87, 0.01324480971367333), (133, 0.011983370989048003)]
["'Osterloh"]: [(152, 0.9999015381478841)]
["'Osterloh'"]: [(345, 0.9999901495944522)]
["'Ott"]: [(348, 0.4795036717942808), (345, 0.4598329754108707), (53, 0.06059954491242133)]
["'Ott'"]: [(116, 0.40643613875747103), (223, 0.2606953868135788), (219, 0.20297127415615107), (213, 0.11362274728792743), (231, 0.016181583434793877)]
["'Papier'"]: [(223, 0.9999911499075639)]
["'Paulus"]: [(348, 0.6559792470595681), (53, 0.3375316062588253)]
["'Paulus'"]: [(223, 0.5101554178727667), (219, 0.26982572294268264), (152, 0.2200109627289749)]
["'Radtke"]: [(53, 0.7345839542144331), (152, 0.21405888180396299), (348, 0.05128214187818392)]
["'Radtke'"]: [(116, 0.4988311262133633), (184, 0.2364155066989275), (223, 0.1685155211217427), (165, 0.03480129012733238), (345, 0.027764184117152577), (360, 0.015129807237324653), (104, 0.01278564226363051)]
["'Rinck'"]: [(22, 0.20650605003526742), (146, 0.13225424408253036), (230, 0.070850812676425), (139, 0.06257135464166512), (83, 0.057213603289935286), (199, 0.05411859451045496), (149, 0.049093731228581586), (341, 0.04837009838915298), (346, 0.04492420049656975), (16, 0.029491985786137334), (172, 0.02562681272043974), (50, 0.025464562827407257), (153, 0.0243519626495409), (355, 0.023542660787765457), (75, 0.018757155756000565), (44, 0.016655797262089603), (284, 0.013743734793164283), (183, 0.013695101074467019), (289, 0.011649792922632728), (132, 0.011616221254546637), (348, 0.010124513506555771)]
["'Ritterspach"]: [(213, 0.28932180950238673), (10, 0.16479968384763222), (86, 0.16383802287995608), (262, 0.11884534048556486), (127, 0.07546271109813558), (330, 0.06950462089087), (87, 0.04470250187228055), (126, 0.03823568433490478), (35, 0.014119381157898417)]
["'Ritterspach'"]: []
["'Roediger'"]: [(310, 0.939753174896372)]
["'Rottmann"]: [(262, 0.14995610386115776), (146, 0.08592082397627224), (113, 0.07567652480650154), (291, 0.06375877117253975), (86, 0.052224842038309814), (358, 0.0451448579116699), (377, 0.044324699738823546), (2, 0.04394264385795507), (16, 0.040834310227726864), (231, 0.03521476675226603), (355, 0.02912561084514789), (326, 0.02854067596123516), (228, 0.025108858750904163), (34, 0.02494533949540525), (175, 0.02406405468437262), (341, 0.018488867472032957), (115, 0.01741673559362033), (7, 0.017389713469478332), (213, 0.01605217057634784), (62, 0.015820781446272948), (22, 0.015029075743196361), (21, 0.014927394407976314), (6, 0.014107943803875513), (139, 0.014077621988194264), (152, 0.01183403290054435), (36, 0.01178739356332821)]
["'Rottmann'"]: [(86, 0.13409440778519913), (165, 0.08786424410829113), (358, 0.08410025167266355), (49, 0.06029080985920309), (319, 0.05159328871594919), (338, 0.04572962494676208), (213, 0.04540758835940595), (242, 0.04279447734880941), (124, 0.036495034557156296), (114, 0.03507557497703896), (110, 0.035073166242824), (140, 0.03282300581191966), (324, 0.03133490612989526), (365, 0.031179223482098686), (364, 0.025587428659423955), (283, 0.02461555585761581), (334, 0.022888992277678405), (231, 0.02252280471611395), (97, 0.0208374087732409), (389, 0.017027071915882354), (21, 0.012323807435188475), (168, 0.012213735968166165), (295, 0.012107383092392475), (339, 0.011995076371033503), (84, 0.011047061068298178)]
["'Rupp'"]: [(288, 0.9399304451932309)]
["'Scheffler'"]: []
["'Schluckebier"]: [(345, 0.4498677944950565), (219, 0.3974692529243438), (348, 0.13782296652168588), (116, 0.014834244026506847)]
["'Schluckebier'"]: [(213, 0.7025800328317232), (219, 0.2449051348992963), (116, 0.05251165676128328)]
["'Scholtissek'"]: [(229, 0.9990534846216402)]
["'Seibert"]: [(184, 0.9997936917728679)]
["'Seibert'"]: [(116, 0.9025479497918605), (213, 0.09506192624372374)]
["'Seidl"]: [(223, 0.999553303815712)]
["'Seidl'"]: [(152, 0.9999534847595577)]
["'Simon'"]: [(86, 0.28397277965539963), (7, 0.2178252215042858), (58, 0.21751429735611416), (251, 0.1937847765259512), (353, 0.07482571781603937), (213, 0.011349849886557782)]
["'Sommer"]: [(342, 0.6259163203099057), (104, 0.37266963673449294)]
["'Sommer'"]: [(165, 0.9999938435667157)]
["'Stein'"]: []
["'Steinberger'"]: [(164, 0.10814628253947549), (97, 0.10710386215066547), (226, 0.08895701121282451), (153, 0.08398475861350901), (110, 0.08128674598849246), (282, 0.06337105619498654), (223, 0.03558182537831723), (222, 0.035103256527620565), (158, 0.03503287987393615), (326, 0.034773565900887496), (382, 0.029025161123019186), (372, 0.027484135305911622), (2, 0.02449821252341953), (328, 0.023955888903456433), (358, 0.023083946660810827), (323, 0.0229488087114214), (298, 0.019293737430788556), (171, 0.018457396868800265), (199, 0.01644924049790864), (75, 0.0147025950240102), (13, 0.014192705209434067), (257, 0.012098511868442165), (23, 0.011494515314594583), (28, 0.011344272140291921), (253, 0.010888802954754043), (163, 0.010229031473141787)]
["'Steiner"]: [(360, 0.9999340175457911)]
["'Steiner'"]: [(348, 0.9999957293742003)]
["'Söllner'"]: [(223, 0.9999667384095433)]
["'Träger'"]: [(231, 0.11603634094130674), (223, 0.10195977407513451), (163, 0.08154162979973083), (75, 0.0654742155013384), (139, 0.06539879659420512), (365, 0.048016137096829885), (65, 0.042781101786976), (322, 0.038019361225803606), (49, 0.03277284674149279), (152, 0.031739493136276914), (244, 0.030992791617315208), (146, 0.029458379503773096), (297, 0.026581304039040226), (274, 0.02411300166057768), (86, 0.024112752384999055), (308, 0.02239742737248584), (28, 0.02200144491076623), (36, 0.019670522950847077), (123, 0.018333732098677277), (387, 0.018235162249287663), (136, 0.018017265101431913), (329, 0.014168068210486578), (250, 0.012032051473927684), (104, 0.01027257802873877)]
["'Vosskuhle'"]: []
["'Voßkuhle'"]: [(223, 0.766941208512449), (219, 0.13334753231619562), (360, 0.0996834334420338)]
["'Wallrabensein"]: [(146, 0.02708058388891081), (360, 0.014107620467082336)]
["'Wallrabenstein"]: [(223, 0.7279864210074564), (360, 0.1764574563797314), (152, 0.093687742865566)]
["'Wallrabenstein'"]: [(146, 0.3011514945158469)]
["'Wand'"]: [(153, 0.07882910962391713), (305, 0.07583544547168736), (139, 0.07173222765292069), (146, 0.06799312930941234), (97, 0.06693731628353407), (28, 0.062116373288392056), (382, 0.049121461390617106), (114, 0.04755115913918159), (78, 0.037705869303823324), (102, 0.03059107888863547), (49, 0.030015321076730266), (34, 0.029595511472103), (183, 0.02534396405464744), (346, 0.02472956583422961), (107, 0.02412594336613278), (265, 0.023629846035301067), (288, 0.023407405320365168), (119, 0.023283823250722487), (158, 0.022776272524354144), (222, 0.019590610181164134), (293, 0.019294523470040608), (255, 0.01610619129416812), (121, 0.014724973623562405), (179, 0.012531876645275527), (215, 0.011441386669455099), (100, 0.01085587568870849), (24, 0.010809729961802171), (77, 0.010488844374398664)]
["'Wessel'"]: []
["'Winter"]: [(372, 0.987461559967882), (186, 0.012384609358749443)]
["'Winter'"]: [(223, 0.999923978338606)]
["'Wintrich'"]: [(327, 0.9326881021702117), (2, 0.061573635914671)]
["'Wolff'"]: [(360, 0.9407562354354091)]
["'Zeidler'"]: [(319, 0.13340273033639852), (262, 0.12384523118736519), (152, 0.09831421477686748), (79, 0.060605143985403974), (115, 0.05503543150394176), (292, 0.05301301263602734), (186, 0.03657715622754203), (326, 0.0354669786073615), (173, 0.03525583437634894), (53, 0.03338501063328391), (22, 0.03100067226598623), (382, 0.028223037692145004), (62, 0.027093346277345404), (147, 0.027007102104458086), (158, 0.0267287620204983), (153, 0.024765284685684927), (100, 0.01809860609137516), (65, 0.017077486848117465), (71, 0.015366052548606835), (178, 0.012958784160359052), (211, 0.012544015023169616), (132, 0.010916870266926778), (84, 0.010042523091625802)]
["'Zweigert"]: []
["'gerichts'"]: []
["'unter'"]: []
['']: [(345, 0.8090189506563167), (348, 0.17944711054842433), (156, 0.01152573726541539)]
