["'"]: [(35, 0.999970846319955)]
["''"]: [(158, 0.9999802594202511)]
["'.'"]: []
["'<us>'"]: []
["'Baer"]: [(400, 0.5539580430549472), (440, 0.2758079511575518), (345, 0.17015595569576325)]
["'Baer'"]: [(219, 0.5258058147898803), (400, 0.37155488641168943), (345, 0.05274861680982065), (158, 0.049853815967851406)]
["'Benda'"]: [(58, 0.686546639161934), (372, 0.09382747944801612), (20, 0.0764127702053966), (247, 0.06028681247336375), (486, 0.03127128137757287), (56, 0.025811302834051718), (242, 0.025121167152938415)]
["'Berger'"]: [(431, 0.3482274695321733), (405, 0.21831897847553425), (488, 0.09926067537044608), (168, 0.06447852564230139), (277, 0.06077458183126741), (169, 0.04554411555902264), (326, 0.03643669540331943), (165, 0.0355307847952765), (18, 0.024495288204280354), (152, 0.017031827608515997), (352, 0.01659233985489945), (428, 0.015181008249748431)]
["'Britz"]: [(440, 0.5910090679416387), (53, 0.28505922169995906), (348, 0.11024324822835875), (449, 0.013649782247777102)]
["'Britz'"]: [(152, 0.9999577975240563)]
["'Bro'"]: []
["'Broß"]: [(124, 0.7787197320991328), (248, 0.22112682623542404)]
["'Broß'"]: [(400, 0.9999977058074606)]
["'Bryde"]: [(400, 0.9999825557507747)]
["'Bryde'"]: [(400, 0.999991954101168)]
["'Böckenförde'"]: [(400, 0.999956924985041)]
["'Böhmer'"]: []
["'Christ"]: [(440, 0.3523096059421508), (345, 0.3177819226121855), (53, 0.19590368477070974), (400, 0.06805715044180173), (152, 0.06589269912669818)]
["'Christ'"]: [(400, 0.6183920829360599), (440, 0.1717666136129301), (345, 0.10022922980656332), (223, 0.09662379129446805), (360, 0.012951320194452979)]
["'DiFabio"]: [(345, 0.999972086463028)]
["'DiFabio'"]: [(158, 0.9999575525735623)]
["'Di\\xa0Fabio"]: [(53, 0.8847804217814177), (487, 0.11385857627810622)]
["'Di\\xa0Fabio'"]: [(360, 0.8701391029717019), (224, 0.12985403727438347)]
["'Dieterich'"]: [(449, 0.9999306400136566)]
["'Drath'"]: []
["'Eichberger"]: [(345, 0.665802942482935), (53, 0.1833857330781461), (116, 0.14775943394560337)]
["'Eichberger'"]: [(400, 0.37814749924971236), (223, 0.2910462267156612), (458, 0.2582100435324906), (345, 0.04485612573450778), (213, 0.027736828743124664)]
["'Ellinghaus'"]: []
["'Faller'"]: []
["'Federer"]: [(317, 0.48100904680361056), (403, 0.45698687114196784)]
["'Friesenhahn'"]: [(169, 0.879764925453075), (92, 0.058837850232341234)]
["'Fröhlich'"]: [(42, 0.5322564217150654), (201, 0.4059568116252011)]
["'Gaier"]: [(400, 0.8233232984682926), (345, 0.16844098262732568)]
["'Gaier'"]: [(400, 0.5379015237412252), (345, 0.24609226687744695), (223, 0.11881428732987087), (219, 0.08472337080198901), (152, 0.012466658504677647)]
["'Geiger'"]: [(333, 0.7559459685859172), (162, 0.17871756427542365)]
["'Gerhard"]: [(138, 0.3247306005993505), (449, 0.10714976973069928), (104, 0.07576552253653078)]
["'Gerhardt"]: [(345, 0.5944895563919852), (152, 0.4055037839548612)]
["'Gerhardt'"]: [(152, 0.45641648262214196), (345, 0.38266132120811913), (337, 0.15125467311466287)]
["'Graßhof"]: [(352, 0.9279163488543494), (188, 0.06694873268090737)]
["'Graßhof'"]: [(223, 0.9999912105030028)]
["'Grimm"]: []
["'Grimm'"]: [(400, 0.999992039116142)]
["'H.-J.Rinck'"]: [(146, 0.1113396353439391), (319, 0.1007725229298633), (448, 0.08045131754849162), (72, 0.06716284866946584), (457, 0.06677488142636218), (406, 0.06567897205860528), (39, 0.049481835615920206), (79, 0.048283737934664665), (22, 0.043056364686040134), (314, 0.04015005542450635), (401, 0.03957766780513361), (152, 0.03646356979623558), (404, 0.029158396198079625), (305, 0.027055865426613212), (117, 0.02531434366122084), (172, 0.024269154164462167), (232, 0.021260449425616817), (23, 0.02070912812452861), (226, 0.015948518778201973), (411, 0.014325921477383236), (255, 0.014285583397242051), (86, 0.010030514520438965)]
["'Haas"]: [(219, 0.9997971294316979)]
["'Haas'"]: [(213, 0.9999881790760057)]
["'Harbarth'"]: [(223, 0.39643910851883374), (400, 0.3875653001361564), (53, 0.21065083570646626)]
["'Hasseme"]: []
["'Hassemer"]: [(345, 0.9999652888130878)]
["'Hassemer'"]: [(337, 0.9999967597661515)]
["'Heck'"]: [(495, 0.2627950680465214), (247, 0.20524361467195373), (250, 0.10760019234625696), (267, 0.09951386681555317), (408, 0.0831082556846652), (406, 0.05653299570151279), (179, 0.048143105514725996), (294, 0.042578192771937924), (155, 0.03969426465240904), (305, 0.0391990884005608), (308, 0.014369632082486912)]
["'Heiland'"]: [(80, 0.9994035742849531)]
["'Henneka'"]: [(88, 0.9423905337713876)]
["'Henschel'"]: [(152, 0.9999674337866634)]
["'Hentschel'"]: [(137, 0.9964277688681802)]
["'Hermanns"]: [(158, 0.622519233925421), (400, 0.3317250911345323), (213, 0.029666541393845426), (223, 0.01606760710321432)]
["'Hermanns'"]: [(400, 0.9357089512898171), (223, 0.06428141643550644)]
["'Herrmanns'"]: [(406, 0.3733125247965255), (213, 0.10100770274947729), (400, 0.03200445057969743), (348, 0.02656659319843654), (176, 0.023840797105617716), (223, 0.01740571342954976)]
["'Herzog'"]: [(458, 0.9996967177449834)]
["'Hesse'"]: [(213, 0.32011861135997693), (68, 0.265682093264235), (184, 0.24343769085805314), (292, 0.05790269944071017), (183, 0.04507177466646386), (400, 0.03127476320958133), (482, 0.02517029671117305), (78, 0.010613171349319472)]
["'Heußner'"]: [(250, 0.12819945755512352), (348, 0.09287339920872048), (245, 0.08021441676507482), (450, 0.07755276870239375), (310, 0.06736972870010781), (304, 0.06645457325959803), (496, 0.058431089029944094), (308, 0.05280208829523253), (204, 0.047377136753460856), (193, 0.03590687903249348), (428, 0.03270267931309956), (451, 0.031911362524426966), (180, 0.029230059949221326), (152, 0.028532978401856833), (290, 0.028283934751333194), (168, 0.024282143852618857), (456, 0.02322835321634748), (354, 0.020228320670977556), (136, 0.01661488929767191), (95, 0.01638912075157033), (74, 0.015586016077821662)]
["'Hmig'"]: []
["'Hoffmann-Riem"]: [(400, 0.9999940520646258)]
["'Hoffmann-Riem'"]: [(152, 0.9999802663532794)]
["'Hohmann-Dennhard"]: []
["'Hohmann-Dennhardt"]: [(53, 0.9999778513729825)]
["'Hohmann-Dennhardt'"]: [(449, 0.9187105911661018), (245, 0.08128357791310836)]
["'Huber"]: [(400, 0.3933590373209525), (345, 0.33538971538467777), (337, 0.1469763370212165), (152, 0.12424535626534385)]
["'Huber'"]: [(224, 0.7792081933151064), (449, 0.22078580257620137)]
["'Härtel"]: [(400, 0.35850549746404037), (104, 0.1713113349212113), (223, 0.11904208244967228), (440, 0.11403927633453279), (152, 0.11124887473468406), (337, 0.049733828244132146), (345, 0.04814083284400265), (53, 0.027929367572065864)]
["'Hömig"]: [(345, 0.9995538512847513)]
["'Hömig'"]: [(219, 0.9999883374405814)]
["'Höpker-Aschoff'"]: []
["'Jaeger"]: [(213, 0.9998697136068028)]
["'Jaeger'"]: [(223, 0.9999810105360907)]
["'Jentsch"]: [(345, 0.9996171834543854)]
["'Jentsch'"]: [(345, 0.9999895450369465)]
["'Jentsch;'"]: []
["'Jäger'"]: []
["'Katz'"]: [(345, 0.9080316600039224), (194, 0.03275808418271664)]
["'Katzenstein"]: []
["'Katzenstein'"]: [(382, 0.11682603042334343), (373, 0.10855303859892865), (94, 0.0691943773814029), (207, 0.06790810063104984), (308, 0.05984518681107291), (374, 0.058678498169465784), (141, 0.05819560707172341), (316, 0.0538601045593001), (206, 0.04494884142993127), (438, 0.03925729775410215), (253, 0.036894937910494134), (156, 0.036430097188415285), (18, 0.03572899084992516), (211, 0.024697716953645456), (474, 0.02082176293380738), (419, 0.019595347896379033), (301, 0.01912645099077818), (152, 0.017986982193541102), (11, 0.01736824952195911), (302, 0.01610050448399839), (105, 0.014522666191692856)]
["'Kessal-Wulf"]: [(152, 0.49335257343666306), (400, 0.37223064622301205), (223, 0.0854795351162436), (337, 0.048810100464121445)]
["'Kessal-Wulf'"]: [(337, 0.9999950042635055)]
["'Kessal-Wulff"]: [(337, 0.8365985337539334)]
["'Kessal-Wulff'"]: []
["'Khling'"]: []
["'Kirchhof"]: [(104, 0.9999345950708994)]
["'Kirchhof'"]: [(104, 0.9999945259646159)]
["'Klaas'"]: [(26, 0.9415749330714449)]
["'Klein'"]: [(223, 0.9999522500009953)]
["'Kruis"]: [(36, 0.7836730349080415), (255, 0.15071264954846061), (176, 0.06502339706952491)]
["'Kruis'"]: [(223, 0.999960014948601)]
["'König"]: [(400, 0.45352004160562515), (152, 0.3275960381836109), (345, 0.21886123402608287)]
["'König'"]: [(223, 0.9999844503153603)]
["'Kühling"]: [(116, 0.8119606884631166), (360, 0.18748741254650333)]
["'Kühling'"]: [(400, 0.9999890276863851)]
["'Landau"]: [(345, 0.6897478476743188), (440, 0.23924316171530846), (223, 0.04468260837661766), (152, 0.02630060539220354)]
["'Landau'"]: [(345, 0.9684810560200133), (223, 0.030915138561976294)]
["'Langenfeld"]: [(345, 0.5084791225281484), (53, 0.4576362143697057), (152, 0.03386560845967741)]
["'Langenfeld'"]: [(223, 0.8580837467949205), (345, 0.13861054348053045)]
["'Lehmann"]: [(160, 0.5435897138740019), (63, 0.38793845995717663), (312, 0.06390140793062783)]
["'Lehmann'"]: []
["'Leuser'"]: [(384, 0.5039723095319996), (137, 0.433982261697222)]
["'Limbach'"]: [(152, 0.9999699582417108)]
["'Lübbe-Woff"]: []
["'Lübbe-Woff'"]: []
["'Lübbe-Wolff"]: [(345, 0.9999752033163725)]
["'Lübbe-Wolff'"]: [(458, 0.8472700649119034), (53, 0.1527211507793179)]
["'Mahrenholz'"]: [(458, 0.5357542128772513), (223, 0.4639986017573216)]
["'Maidowski"]: [(152, 0.5403069425088273), (345, 0.38162054985257526), (400, 0.07806070088168465)]
["'Maidowski'"]: [(158, 0.36266878917677725), (165, 0.3578852958524129), (458, 0.2794225316208999)]
["'Masing"]: [(400, 0.777940438195324), (345, 0.08090279880169159), (53, 0.06911064400854341), (152, 0.05484138999186444), (223, 0.017186267775248357)]
["'Masing'"]: [(400, 0.8782234529831954), (223, 0.05879038951979683), (152, 0.05104290516348018)]
["'Mellinghoff"]: [(345, 0.999994444059651)]
["'Mellinghoff'"]: [(223, 0.9999933111385433)]
["'Mitwirkung'"]: []
["'Müller"]: [(337, 0.5006504454931987), (345, 0.4764162934959243), (53, 0.017180813856263803)]
["'Müller'"]: [(440, 0.5340220484271383), (337, 0.4659705152894107)]
["'Niebler'"]: [(319, 0.11312351889393318), (97, 0.10019829489924052), (152, 0.09481363364639761), (65, 0.08286532510276975), (382, 0.0801938459326305), (53, 0.05731905260791304), (39, 0.05085731354794272), (262, 0.042689496764337934), (401, 0.03739674445059835), (102, 0.034185997669191746), (445, 0.032213214144071786), (255, 0.02977031650955544), (213, 0.028979649766113006), (196, 0.025794830780463004), (452, 0.021990482635066932), (378, 0.019648042857521017), (318, 0.019055299210062975), (228, 0.018624193296712083), (114, 0.015642339146911856), (80, 0.015042202815767125), (446, 0.015029998442081732), (424, 0.010669260829239318), (450, 0.010567496160742592)]
["'Niedermaier"]: [(428, 0.12285885210728947), (348, 0.09357362091778189), (146, 0.0872359467354347), (1, 0.07789839298722442), (93, 0.06173053891181236), (326, 0.052750822272324235), (243, 0.0504269914242904), (350, 0.044708261901715014), (232, 0.042795385118166475), (80, 0.03948335734181379), (42, 0.03727911553135119), (331, 0.03705860778221636), (86, 0.03478558093538052), (158, 0.02661183563129029), (397, 0.022189687295526516), (398, 0.021359267651560092), (390, 0.020724000812014347), (375, 0.018173543730483382), (144, 0.017516473186117563), (151, 0.016117736200822966), (175, 0.014209440402694928), (492, 0.01274377600694325), (115, 0.012104769551379586)]
["'Niemeyer'"]: [(447, 0.11370874554790149), (76, 0.10094433317135316), (337, 0.08069793556710488), (124, 0.07316524784744), (448, 0.06759206360929229), (426, 0.06090657217718337), (144, 0.05746119314166116), (451, 0.05378839506118615), (107, 0.04987050478477146), (465, 0.04913210865595556), (442, 0.04890042827826163), (4, 0.0486800216201556), (353, 0.04450866043861995), (310, 0.03316257743402443), (81, 0.02971561425599737), (313, 0.01886109884334892), (409, 0.015204550750616759), (25, 0.014618418708443309), (496, 0.01308584810286511)]
["'Osterloh"]: [(152, 0.9999158548830862)]
["'Osterloh'"]: [(345, 0.9999899136195683)]
["'Ott"]: [(440, 0.7428886095566833), (345, 0.1294470434444709), (348, 0.11148744465699124)]
["'Ott'"]: [(400, 0.49621574905498544), (219, 0.23572815582805923), (223, 0.22921084526827168), (458, 0.0387551728165011)]
["'Papier'"]: [(440, 0.9999914700176805)]
["'Paulus"]: [(440, 0.8828007976309715), (152, 0.07941347184438434), (337, 0.03613505096269012)]
["'Paulus'"]: [(449, 0.7777359381437494), (440, 0.22225530755386255)]
["'Radtke"]: [(104, 0.6323934012748631), (440, 0.3485623263668507), (348, 0.01896869866726954)]
["'Radtke'"]: [(58, 0.4704721108847087), (158, 0.2843815535067394), (213, 0.24198082116315817)]
["'Rinck'"]: [(406, 0.16317200574364465), (186, 0.06856961543481302), (400, 0.0664122877018446), (328, 0.0523438894477696), (125, 0.05217168381247248), (422, 0.047841158855559694), (445, 0.04257835699077683), (405, 0.03893032351561601), (309, 0.03798873277055105), (265, 0.03553369416154805), (49, 0.03437271880401024), (305, 0.03254513833671849), (211, 0.030564558621072987), (65, 0.03000999706915092), (411, 0.029730280795714464), (124, 0.028710715813331854), (222, 0.025022608888379785), (322, 0.02046906161930292), (71, 0.0172528550094412), (199, 0.014147157760622309), (418, 0.013980522740926996), (368, 0.013837947767937925), (401, 0.012361543751367597), (75, 0.010800060185693799), (102, 0.01056197585149219)]
["'Ritterspach"]: [(34, 0.20832611823464164), (96, 0.1388743522485484), (361, 0.12701568925908155), (6, 0.10393019263859571), (23, 0.09388856164990123), (335, 0.069431638770881), (350, 0.04055736523317141), (313, 0.03966331692172519), (283, 0.034300452762519376), (20, 0.033325841560857564), (177, 0.027790589959101674), (252, 0.027116731072821282), (266, 0.0258252159662255), (176, 0.021478842081493216)]
["'Ritterspach'"]: []
["'Roediger'"]: [(146, 0.5171599437957863), (378, 0.42169991281864944)]
["'Rottmann"]: [(223, 0.1692716606878923), (459, 0.11683653572513085), (97, 0.10386220775471618), (370, 0.08264117719444819), (326, 0.07698688002958458), (444, 0.04352906941023675), (143, 0.04194485534443925), (418, 0.040014299846796456), (114, 0.03183234573605983), (262, 0.030235156868023676), (280, 0.02612243834526929), (226, 0.024566110775228488), (406, 0.02322378863016916), (455, 0.02060973202829882), (470, 0.019223929547566774), (49, 0.016673860185217926), (488, 0.01514416645931114), (171, 0.013837155190618813), (340, 0.012976325777736308), (392, 0.011113876057256465), (183, 0.010473807267947922)]
["'Rottmann'"]: [(382, 0.12496612292735686), (406, 0.09859875954553664), (291, 0.08930007807856091), (39, 0.06708644245560716), (410, 0.0658822922069485), (364, 0.050904635541930914), (404, 0.04872465247771903), (173, 0.041667008840473106), (242, 0.03489992231363053), (405, 0.03148990842695067), (86, 0.03059365946587304), (226, 0.02859080584533617), (231, 0.026122959847822123), (401, 0.025913260622663546), (265, 0.023971448163369588), (473, 0.023537677183192454), (113, 0.020483391127884772), (332, 0.01834052704087661), (14, 0.01737933013459199), (28, 0.015328536766702627), (132, 0.0152350163509692), (149, 0.01478991330694682), (119, 0.013247783574556079), (244, 0.013016179542454695)]
["'Rupp'"]: [(464, 0.7201227788417066), (252, 0.21791263813599748)]
["'Scheffler'"]: []
["'Schluckebier"]: [(400, 0.4239468176726351), (345, 0.2622519068989704), (152, 0.11927121978522207), (348, 0.10342978658452795), (219, 0.0910944231967517)]
["'Schluckebier'"]: [(219, 0.4703472153857002), (400, 0.40153206486902143), (223, 0.12811745624793094)]
["'Scholtissek'"]: []
["'Seibert"]: [(152, 0.999800498322462)]
["'Seibert'"]: [(116, 0.997639647669938)]
["'Seidl"]: [(223, 0.999552501706094)]
["'Seidl'"]: [(223, 0.8514424586695657), (152, 0.14851160447264752)]
["'Simon'"]: [(151, 0.2669396795987819), (80, 0.259870436919973), (43, 0.18419821236852932), (156, 0.07272513672709717), (474, 0.06086350901652069), (235, 0.04906413052008728), (404, 0.029748591351296042), (491, 0.028913003316548506), (289, 0.025563063474847846), (226, 0.02138414359289669)]
["'Sommer"]: [(101, 0.5991656149145584), (342, 0.3994453154240897)]
["'Sommer'"]: [(165, 0.9999941574533723)]
["'Stein'"]: []
["'Steinberger'"]: [(49, 0.14357663242259655), (327, 0.09531942859014114), (8, 0.07727064827750117), (452, 0.06408443438150908), (408, 0.05735927187717237), (305, 0.057162141517582345), (314, 0.04955526824471516), (223, 0.04837479240121687), (202, 0.042914304805749294), (355, 0.042383591022693776), (360, 0.033619389647639844), (319, 0.03237913537282625), (342, 0.031222975661446013), (380, 0.020740031664317253), (416, 0.02053408010628677), (457, 0.018729336710833586), (483, 0.01803028566002684), (124, 0.013367854328874454), (484, 0.012401609713392029)]
["'Steiner"]: [(138, 0.9999350533865642)]
["'Steiner'"]: [(348, 0.9999956414264257)]
["'Söllner'"]: [(223, 0.9999667234935982)]
["'Träger'"]: [(377, 0.08944802865991429), (159, 0.08197117175120268), (400, 0.07716210610480484), (493, 0.06647639691334016), (382, 0.06455601730924368), (305, 0.045935814808800546), (16, 0.04304318103673647), (401, 0.042328295953792845), (22, 0.04127077833323756), (378, 0.03947284067142179), (158, 0.03292064675371977), (77, 0.03081137642724079), (492, 0.02743911577775257), (238, 0.026802081915701468), (152, 0.024486486365430302), (124, 0.023606740975937412), (319, 0.022208326355437666), (166, 0.02134317267734759), (141, 0.019664465076763237), (424, 0.018994646981975328), (495, 0.016917415647013538), (106, 0.016604863823235012), (138, 0.016471292745008727), (266, 0.01510850954056074), (429, 0.012936665869046005), (58, 0.012398512114578535), (279, 0.011835702973677508), (432, 0.010151367218777668)]
["'Vosskuhle'"]: []
["'Voßkuhle'"]: [(400, 0.5420367696428573), (345, 0.32706812389213513), (223, 0.13086996455781752)]
["'Wallrabensein"]: [(223, 0.05249514913674842), (138, 0.0103224358345032), (406, 0.010023639707723226)]
["'Wallrabenstein"]: [(400, 0.3883883137883598), (223, 0.2656732257971375), (345, 0.2575438778541726), (152, 0.05402896887023325), (440, 0.034344588180061614)]
["'Wallrabenstein'"]: [(406, 0.4118227794587785)]
["'Wand'"]: [(305, 0.11022915968691338), (370, 0.08207546433290708), (152, 0.07943154750949251), (168, 0.06210154804958197), (291, 0.05989448338444109), (215, 0.05251989819090277), (79, 0.048502760847455785), (378, 0.04812318277121126), (110, 0.04451526169792464), (65, 0.04039875162028121), (338, 0.03480396122804177), (445, 0.0331093890193374), (250, 0.02843913872887876), (328, 0.027364613370817352), (355, 0.023109256815499687), (406, 0.019831664217330784), (242, 0.018386099877501453), (448, 0.017894658391704277), (169, 0.015664765993722067), (381, 0.014736998674151605), (211, 0.012832650454396523), (280, 0.012571151488235613), (459, 0.012567671647640886), (415, 0.012351768026694377), (410, 0.011845800381341849), (34, 0.0113157330947671), (451, 0.011292207392475537)]
["'Wessel'"]: []
["'Winter"]: [(468, 0.5597658441796002), (156, 0.44008112396074633)]
["'Winter'"]: [(223, 0.9999235285064606)]
["'Wintrich'"]: [(171, 0.31412234324849375), (484, 0.2898427178781548), (408, 0.12213968274160852), (288, 0.10714423913225107), (167, 0.09223838883658057), (361, 0.06987254737830269)]
["'Wolff'"]: [(155, 0.8302183189824823), (282, 0.10878843869488189)]
["'Zeidler'"]: [(424, 0.09130363198019738), (473, 0.07582668917988275), (114, 0.06939655383885723), (158, 0.06239665149224326), (277, 0.059768565404952685), (406, 0.05648164093023811), (319, 0.05029644245796819), (143, 0.04626988486953847), (485, 0.033467712439010665), (484, 0.030935888101803956), (146, 0.029571813801149042), (327, 0.027134175801859894), (25, 0.026446606336681038), (314, 0.026313070666816096), (119, 0.023586989403099643), (386, 0.020699271259999808), (202, 0.019617008949505455), (492, 0.019007973612518433), (49, 0.017930988951199035), (163, 0.01703808728286664), (377, 0.016777240586865715), (420, 0.016628166383325576), (322, 0.015978574158275933), (70, 0.014900919752279817), (305, 0.013667753394816566), (404, 0.013191943720962477), (139, 0.011849114152108552), (113, 0.011319898258508095), (86, 0.010696993134025274)]
["'Zweigert"]: []
["'gerichts'"]: []
["'unter'"]: []
['']: [(400, 0.8216282695900883), (348, 0.08101351058270509), (156, 0.07381709347378651), (458, 0.023532802307820462)]
