["'"]: [(8, 0.9999828551086932)]
["''"]: [(4, 0.999983914937629)]
["'.'"]: [(4, 0.46423840859514603), (1, 0.19550579457667971), (6, 0.12084827408452825), (9, 0.12062027959585328), (3, 0.05385952678973276), (7, 0.02284940512820524)]
["'<us>'"]: [(7, 0.1259466402825475), (1, 0.1165210031080988), (4, 0.11313501238051164), (3, 0.10575119867358015), (9, 0.10247261376757111), (0, 0.0992060602438996), (8, 0.09760176892313406), (2, 0.08134185283106748), (6, 0.0802190189245098), (5, 0.0778048308650799)]
["'Baer"]: [(1, 0.9999920959457768)]
["'Baer'"]: [(4, 0.5755257259125403), (5, 0.3571996042432249), (3, 0.03692681114427046), (9, 0.030326159524861684)]
["'Benda'"]: [(7, 0.3050861623893221), (2, 0.2157633778766545), (8, 0.1638905586551274), (3, 0.12449824213370272), (4, 0.0626537485469642), (9, 0.05363316558850517), (0, 0.03146448723748674), (6, 0.025896870109004915), (5, 0.0170387074808932)]
["'Berger'"]: [(6, 0.2384829322393954), (2, 0.1592198682310778), (5, 0.15735252852104928), (3, 0.10758993594539396), (0, 0.09150373041807044), (1, 0.08977800062246903), (8, 0.08161232512480927), (7, 0.040972961680741195), (9, 0.023366053080676418), (4, 0.010121664136317278)]
["'Britz"]: [(1, 0.5900758744014732), (4, 0.3014211685786022), (2, 0.10847731394799486)]
["'Britz'"]: [(5, 0.8547452074401632), (4, 0.08717815052947382), (1, 0.037597651116454966), (3, 0.020458755543324793)]
["'Bro'"]: [(2, 0.9178386889640158), (3, 0.04535658281132399), (5, 0.024613948869809752)]
["'Broß"]: [(0, 0.9998787168197694)]
["'Broß'"]: [(4, 0.9999979350599554)]
["'Bryde"]: [(1, 0.9999838741943027)]
["'Bryde'"]: [(7, 0.6054146141111196), (5, 0.3577575622806552), (3, 0.036822285427236014)]
["'Böckenförde'"]: [(6, 0.8524559571943015), (1, 0.1475083252818475)]
["'Böhmer'"]: [(7, 0.5919373982056839), (8, 0.295547446954151), (9, 0.10150072361265179)]
["'Christ"]: [(1, 0.9998437306689619)]
["'Christ'"]: [(1, 0.43059913332960026), (0, 0.25414615868342755), (7, 0.16142634717554621), (4, 0.1373853481308971), (9, 0.016425145395142046)]
["'DiFabio"]: [(6, 0.9999749143678663)]
["'DiFabio'"]: [(8, 0.5726625521457006), (6, 0.370795363286694), (5, 0.04406702286035603), (7, 0.01245703941589871)]
["'Di\\xa0Fabio"]: [(6, 0.9388827239802634), (4, 0.0600147346951776)]
["'Di\\xa0Fabio'"]: [(8, 0.8185136040250304), (3, 0.1814823380245078)]
["'Dieterich'"]: [(4, 0.6190726365720188), (7, 0.38087203143873166)]
["'Drath'"]: [(4, 0.9987300687594192)]
["'Eichberger"]: [(4, 0.6142708333603308), (1, 0.3179451053872055), (9, 0.06758361210712116)]
["'Eichberger'"]: [(1, 0.61752380358276), (5, 0.16790080351911782), (9, 0.14319807622586087), (4, 0.07124701778268722)]
["'Ellinghaus'"]: [(4, 0.9650770776685826)]
["'Faller'"]: [(8, 0.38836729965018396), (4, 0.28177871993973486), (7, 0.14746121866875464), (6, 0.1241012400431718), (0, 0.02927123635346686), (9, 0.022569845443611118)]
["'Federer"]: [(1, 0.9420062806673711)]
["'Friesenhahn'"]: [(3, 0.5036048240991317), (4, 0.4469736096521189)]
["'Fröhlich'"]: [(0, 0.9453633945746199)]
["'Gaier"]: [(7, 0.4393630186635758), (4, 0.2422570044849769), (1, 0.13242178971419438), (6, 0.12298981289132173), (2, 0.0629370657912512)]
["'Gaier'"]: [(1, 0.48755638288800074), (7, 0.31208072549045424), (4, 0.156557287991828), (6, 0.043804535218449965)]
["'Geiger'"]: [(9, 0.9460815738703382)]
["'Gerhard"]: [(6, 0.6859258780312121), (5, 0.14454739344291234), (7, 0.0840402635322097), (2, 0.06833414221811496)]
["'Gerhardt"]: [(1, 0.9999940404154332)]
["'Gerhardt'"]: [(8, 0.8667724335690277), (4, 0.12513552788767257)]
["'Graßhof"]: [(3, 0.9475037794403997), (9, 0.04744119514995978)]
["'Graßhof'"]: [(8, 0.9999920708917499)]
["'Grimm"]: [(5, 0.4322953167036862), (0, 0.29024341931569964), (2, 0.2622602550669573)]
["'Grimm'"]: [(9, 0.999992962572562)]
["'H.-J.Rinck'"]: [(2, 0.17302840131306407), (8, 0.1385278446331949), (7, 0.1343247879816058), (9, 0.12012122988493923), (6, 0.09680173272463805), (5, 0.08492579914317303), (3, 0.07933196035432084), (1, 0.07796401944582017), (0, 0.07371696699459397), (4, 0.021257257524649926)]
["'Haas"]: [(5, 0.9998201510331658)]
["'Haas'"]: [(4, 0.9999917615361307)]
["'Harbarth'"]: [(4, 0.9111267885634445), (1, 0.08884611106706142)]
["'Hasseme"]: [(7, 0.7212549359160741), (5, 0.15947873517607147), (6, 0.10121370980914243)]
["'Hassemer"]: [(1, 0.9999687909589703)]
["'Hassemer'"]: [(8, 0.9999971920183599)]
["'Heck'"]: [(6, 0.4036559732961942), (5, 0.2310824516733568), (9, 0.1427671777979678), (8, 0.06190265978838114), (3, 0.041378900905168534), (4, 0.03824473567350215), (7, 0.03410221891532843), (1, 0.03130494610028637), (2, 0.015350371093253682)]
["'Heiland'"]: [(4, 0.9990475183116356)]
["'Henneka'"]: [(9, 0.9460815738703382)]
["'Henschel'"]: [(4, 0.5095171956958412), (7, 0.4904565966015398)]
["'Hentschel'"]: [(6, 0.2555453354608467), (4, 0.250633468413579), (5, 0.14106397428038425), (9, 0.11880652545179976), (0, 0.09151635112264522), (2, 0.05393678604901087), (8, 0.04212986708420274), (1, 0.029938524626462928)]
["'Hermanns"]: [(3, 0.41118091321661315), (1, 0.3625077611931645), (5, 0.20882512702118441), (7, 0.010476751717077818)]
["'Hermanns'"]: [(8, 0.7428412478283927), (5, 0.10247590099261608), (6, 0.08287413882149504), (3, 0.07180299452953974)]
["'Herrmanns'"]: [(3, 0.44718236663289945), (9, 0.3239420531141212), (2, 0.11166983149850333), (0, 0.09537535839977979), (5, 0.013452406413810908)]
["'Herzog'"]: [(4, 0.9476539728792526), (6, 0.05210778396707411)]
["'Hesse'"]: [(8, 0.4349125928976688), (7, 0.4207160806290746), (9, 0.05461385477506523), (3, 0.04609835248313885), (6, 0.04328604229103959)]
["'Heußner'"]: [(0, 0.1848240712393003), (2, 0.16275958168335794), (1, 0.13875610807608346), (7, 0.10488589579192664), (8, 0.09325858217671355), (9, 0.08855475884190156), (5, 0.06255400544385052), (6, 0.06147239902880668), (4, 0.05730518977222121), (3, 0.04562940794583828)]
["'Hmig'"]: [(9, 0.9973947381125478)]
["'Hoffmann-Riem"]: [(4, 0.9999947900306937)]
["'Hoffmann-Riem'"]: [(2, 0.714287775134886), (0, 0.2857009307373135)]
["'Hohmann-Dennhard"]: [(5, 0.10001802866625698), (8, 0.10001398695213598), (0, 0.10000878901623361), (4, 0.10000260683854105), (2, 0.10000150043686541), (9, 0.09999586781647721), (3, 0.0999948647988411), (6, 0.09999188885899882), (1, 0.09998770290877611), (7, 0.09998476370687363)]
["'Hohmann-Dennhardt"]: [(2, 0.47209165154595567), (7, 0.4194851852361462), (6, 0.1084073492516096)]
["'Hohmann-Dennhardt'"]: [(5, 0.9999953394065559)]
["'Huber"]: [(1, 0.949505629964454), (6, 0.039940138013999454), (4, 0.01053399500763184)]
["'Huber'"]: [(6, 0.5569572773826786), (8, 0.3815116809805241), (2, 0.06152721940295321)]
["'Härtel"]: [(1, 0.6443984312362281), (5, 0.13911531749024258), (3, 0.12524419092010713), (8, 0.09121489024121444)]
["'Hömig"]: [(4, 0.9995806878191437)]
["'Hömig'"]: [(4, 0.9999913061182295)]
["'Höpker-Aschoff'"]: [(4, 0.9650770776685826)]
["'Jaeger"]: [(2, 0.48633035922485823), (7, 0.3435308927911177), (9, 0.1700486327709779)]
["'Jaeger'"]: [(7, 0.9999855733786429)]
["'Jentsch"]: [(6, 0.9996437537594878)]
["'Jentsch'"]: [(1, 0.9999901424263994)]
["'Jentsch;'"]: [(6, 0.10001133879384098), (5, 0.10000750766827642), (3, 0.10000282223020678), (9, 0.10000140412436499), (2, 0.10000048638901059), (4, 0.09999989314635378), (8, 0.09999901599935176), (1, 0.09999494367098971), (0, 0.09999342665512358), (7, 0.09998916132248135)]
["'Jäger'"]: [(6, 0.28282519005980816), (9, 0.22353506761046876), (0, 0.09966469573432517), (4, 0.08219914031180547), (7, 0.07069163239231349), (3, 0.06858837252039779), (1, 0.05284280354585135), (5, 0.0499557779467583), (2, 0.043309572094147764), (8, 0.02638774778412378)]
["'Katz'"]: [(2, 0.7766516977191987), (9, 0.17395002309366123)]
["'Katzenstein"]: [(8, 0.41070542839524377), (7, 0.2887095247666111), (9, 0.09988377854856191), (6, 0.09895012975059894), (4, 0.09375466705067399)]
["'Katzenstein'"]: [(0, 0.2060988956443533), (1, 0.15825280238213638), (2, 0.15579913738386167), (8, 0.10991512376786094), (7, 0.0928894405553577), (4, 0.07188344870241076), (9, 0.06796926919816172), (3, 0.05208699807191392), (5, 0.047072422461263176), (6, 0.038032461832680685)]
["'Kessal-Wulf"]: [(1, 0.6790908731788734), (8, 0.32081476784856044)]
["'Kessal-Wulf'"]: [(1, 0.6065935871374055), (3, 0.29475070673794357), (8, 0.09865230349207758)]
["'Kessal-Wulff"]: [(8, 0.9711455538732364), (1, 0.013081710509932105)]
["'Kessal-Wulff'"]: [(2, 0.5873570419678351), (6, 0.13590907380158163), (4, 0.11046095850155337), (5, 0.07912201053385572), (1, 0.06486390198399195)]
["'Khling'"]: [(3, 0.10000873438351603), (2, 0.10000727714450203), (5, 0.10000635470331407), (6, 0.09999988903100343), (0, 0.0999993618979043), (7, 0.09999834871796816), (4, 0.09999825476370917), (9, 0.09999753757108298), (8, 0.09999452434087411), (1, 0.09998971744612589)]
["'Kirchhof"]: [(1, 0.9999620071285293)]
["'Kirchhof'"]: [(4, 0.9908259160990813)]
["'Klaas'"]: [(9, 0.9460815738703382)]
["'Klein'"]: [(9, 0.8876113204295103), (8, 0.09047435687099817), (6, 0.021881563082958425)]
["'Kruis"]: [(6, 0.35148640594826375), (7, 0.3463701061964854), (3, 0.21876484743203437), (1, 0.04388448979298703), (9, 0.03919837241748983)]
["'Kruis'"]: [(1, 0.9999641463620023)]
["'König"]: [(1, 0.9686686286532311), (8, 0.015756701983004405), (9, 0.015557032197692604)]
["'König'"]: [(8, 0.9048512813998099), (3, 0.08448482982722542), (6, 0.010655505450344091)]
["'Kühling"]: [(9, 0.9994990927940937)]
["'Kühling'"]: [(6, 0.9999903352311842)]
["'Landau"]: [(1, 0.997700887188324)]
["'Landau'"]: [(8, 0.5348211946686563), (4, 0.44426937959292123), (6, 0.020531144161184352)]
["'Langenfeld"]: [(1, 0.9751379814560263), (4, 0.024778373060686715)]
["'Langenfeld'"]: [(3, 0.6679636162852749), (6, 0.18997647338905763), (4, 0.11101980786299988), (7, 0.02748534863274482)]
["'Lehmann"]: [(9, 0.4815213621131895), (8, 0.16560830768494259), (1, 0.13829991182436127), (4, 0.09654041547530692), (5, 0.06676895013606524), (2, 0.047033844695091746)]
["'Lehmann'"]: [(6, 0.9652667107685137)]
["'Leuser'"]: [(9, 0.9460815738546884)]
["'Limbach'"]: [(4, 0.9999732365724578)]
["'Lübbe-Woff"]: [(3, 0.9057600015100415), (6, 0.012182735562929793), (1, 0.011970312637972644), (2, 0.011835158248405885), (4, 0.010961533368026055)]
["'Lübbe-Woff'"]: [(4, 0.14000363338640073), (1, 0.1089363742151283), (5, 0.10734390537707454), (3, 0.10645193346860017), (8, 0.10512450290321361), (2, 0.09424060441242235), (9, 0.08549960481549417), (6, 0.08457627756461088), (7, 0.08442438016172124), (0, 0.08339878369533396)]
["'Lübbe-Wolff"]: [(1, 0.8641020410120531), (3, 0.1358775350535157)]
["'Lübbe-Wolff'"]: [(2, 0.4622877961689856), (8, 0.42727336704625374), (3, 0.11043445433559139)]
["'Mahrenholz'"]: [(8, 0.6579246614162397), (3, 0.34187612348748064)]
["'Maidowski"]: [(1, 0.9987103645807778)]
["'Maidowski'"]: [(8, 0.49429028630281746), (9, 0.2603427187534652), (6, 0.1274352197794346), (3, 0.10779282665229589), (0, 0.010129401246675933)]
["'Masing"]: [(1, 0.8457067397995546), (9, 0.12903119368894417), (8, 0.024027086614369524)]
["'Masing'"]: [(7, 0.3763726751793447), (9, 0.236738874395537), (3, 0.14276351232571946), (5, 0.13827457189539297), (2, 0.10583994494384238)]
["'Mellinghoff"]: [(1, 0.9999951922213577)]
["'Mellinghoff'"]: [(8, 0.9766116635506323), (5, 0.02338320183767107)]
["'Mitwirkung'"]: [(6, 0.15011623220730597), (8, 0.14219293374714748), (2, 0.12973212783977428), (3, 0.10377853106083633), (4, 0.0939883906473511), (1, 0.09242779579582962), (9, 0.0843622998135847), (0, 0.07435612001145542), (5, 0.06728870256535956), (7, 0.061756866311355525)]
["'Müller"]: [(1, 0.9999628525841384)]
["'Müller'"]: [(8, 0.5900290344970948), (1, 0.30359356230636875), (4, 0.09248287118142107), (5, 0.013890060457530957)]
["'Niebler'"]: [(2, 0.15429799621004942), (8, 0.14503415122206606), (6, 0.13255774986404364), (9, 0.111724798008181), (7, 0.10870695341660537), (5, 0.07837523574050151), (0, 0.07800434278091355), (3, 0.07722230434334751), (1, 0.07568937292899194), (4, 0.03838709548530015)]
["'Niedermaier"]: [(0, 0.15794343358956575), (1, 0.13806868652541052), (2, 0.12663293174538184), (8, 0.11517794637274655), (7, 0.10695369653281413), (9, 0.09366817873203905), (3, 0.08087790110273518), (4, 0.0750320796623388), (5, 0.06369966820027956), (6, 0.04194547753668861)]
["'Niemeyer'"]: [(0, 0.18357753761823536), (8, 0.1426172018324504), (2, 0.14157795253815617), (4, 0.1118405511924571), (1, 0.0908263588136401), (7, 0.08531246392407818), (9, 0.07937094523934374), (5, 0.07075779372030577), (3, 0.05972291297725973), (6, 0.0343962821440734)]
["'Osterloh"]: [(9, 0.9999003276342795)]
["'Osterloh'"]: [(3, 0.5556302990946779), (6, 0.44436021243643087)]
["'Ott"]: [(1, 0.8098596911661078), (5, 0.19009345755229343)]
["'Ott'"]: [(7, 0.8693069656149406), (8, 0.07678692401994841), (6, 0.05384280600844283)]
["'Papier'"]: [(1, 0.8912842293033012), (0, 0.10870939180636255)]
["'Paulus"]: [(1, 0.9892236964423695), (8, 0.010741419980227674)]
["'Paulus'"]: [(4, 0.581515447524103), (1, 0.2917984687047399), (5, 0.0744501502509952), (2, 0.052231581921626455)]
["'Radtke"]: [(1, 0.8280289811480085), (2, 0.17191767199146854)]
["'Radtke'"]: [(0, 0.35109247075960326), (9, 0.3404975234606626), (5, 0.22805758547612057), (3, 0.050083968919398314), (2, 0.019222148827764175)]
["'Rinck'"]: [(7, 0.16115644371544552), (2, 0.14069682055034755), (3, 0.13312586519487918), (6, 0.1317504674155785), (8, 0.11970893022209345), (9, 0.08715529279309372), (1, 0.07107943226859327), (5, 0.06230238565590159), (0, 0.055621121734773134), (4, 0.03740324044929409)]
["'Ritterspach"]: [(2, 0.20429066289056375), (3, 0.17801915075996141), (5, 0.15468305507780852), (6, 0.1424952243677182), (0, 0.08466217824334574), (7, 0.08050645713360888), (1, 0.07472832082782145), (4, 0.04848040910508517), (8, 0.02891620859337594)]
["'Ritterspach'"]: [(4, 0.7360163054253789), (7, 0.244010641070726), (0, 0.01753537836847869)]
["'Roediger'"]: [(9, 0.9460815738703382)]
["'Rottmann"]: [(2, 0.17047543725077613), (8, 0.14289963311262846), (6, 0.11237296953847822), (5, 0.10334571227020296), (3, 0.09625949114624578), (7, 0.09006094944519792), (9, 0.08246660592028607), (0, 0.08189818426255183), (1, 0.07713283315289822), (4, 0.04308818390073423)]
["'Rottmann'"]: [(8, 0.16930710652205844), (9, 0.16865205446019374), (2, 0.11816051411764131), (3, 0.10649064954733259), (7, 0.10508693028685238), (5, 0.08616158930271633), (0, 0.08125439857284349), (1, 0.08025049320330618), (6, 0.06358233669295583), (4, 0.02105392729409966)]
["'Rupp'"]: [(7, 0.9458295374151168)]
["'Scheffler'"]: [(4, 0.9987300687594192)]
["'Schluckebier"]: [(4, 0.9331768400649043), (6, 0.0662939098701282)]
["'Schluckebier'"]: [(7, 0.8700063967556315), (6, 0.07398744733321856), (4, 0.04403380756031985), (9, 0.011970696562410895)]
["'Scholtissek'"]: [(4, 0.903303414841501), (7, 0.09556799744670652)]
["'Seibert"]: [(6, 0.7623176904257919), (7, 0.13021268747108947), (4, 0.10733087861853445)]
["'Seibert'"]: [(7, 0.9978546651529884)]
["'Seidl"]: [(6, 0.9843163170496189), (2, 0.015324141196693434)]
["'Seidl'"]: [(1, 0.9999584734220999)]
["'Simon'"]: [(7, 0.39314089021687737), (9, 0.18483481098339163), (3, 0.13258826952420033), (4, 0.12055223034407773), (2, 0.0807243551756913), (8, 0.05948735887756159), (6, 0.028447619840459754)]
["'Sommer"]: [(8, 0.9987385111038655)]
["'Sommer'"]: [(1, 0.9999953628465369)]
["'Stein'"]: [(6, 0.8792736765701589), (8, 0.11961431462043305)]
["'Steinberger'"]: [(8, 0.18603050035121702), (2, 0.14239759482667874), (3, 0.12131765556713353), (9, 0.10625096024694992), (5, 0.09642879993980087), (0, 0.08224597901061556), (6, 0.08059729987270764), (7, 0.07987963767670907), (1, 0.07732436131955202), (4, 0.027527211188635534)]
["'Steiner"]: [(4, 0.9999409983632183)]
["'Steiner'"]: [(1, 0.9999969509983662)]
["'Söllner'"]: [(4, 0.34606384704363957), (6, 0.33400321239153624), (7, 0.319909682482968)]
["'Träger'"]: [(8, 0.18722226332734285), (2, 0.1598926724054589), (9, 0.10508403955536122), (6, 0.10276282443570901), (5, 0.09554069042305185), (7, 0.09255819277223211), (3, 0.081412402174476), (1, 0.06395199036642334), (0, 0.05836247221739891), (4, 0.053212452322545824)]
["'Vosskuhle'"]: [(8, 0.5648217941231394), (1, 0.3509049445151442), (9, 0.025434306651991916), (3, 0.010481840093929993)]
["'Voßkuhle'"]: [(4, 0.7884273267575552), (6, 0.21155081999189085)]
["'Wallrabensein"]: [(8, 0.6029671553845595), (6, 0.2516520734270051), (7, 0.06041412891202261), (2, 0.019819166213640077), (4, 0.016454258406727842), (1, 0.016154948670254708), (3, 0.010092892088955615)]
["'Wallrabenstein"]: [(4, 0.3358547638611026), (1, 0.333561676513262), (8, 0.1780299966014353), (5, 0.14773370337767042)]
["'Wallrabenstein'"]: [(3, 0.5576051398278793), (9, 0.38258096835024585), (4, 0.012620615113908563), (5, 0.01032480571061862)]
["'Wand'"]: [(8, 0.16194299710761345), (2, 0.1365672282437418), (6, 0.12378059033252449), (9, 0.11401725461326356), (3, 0.10620183440497169), (1, 0.0882981054134024), (0, 0.0816292487240198), (7, 0.07634116043634116), (5, 0.07487367653950525), (4, 0.036347904184616295)]
["'Wessel'"]: [(7, 0.74011383779887), (4, 0.2570911695509813)]
["'Winter"]: [(9, 0.9998614772331058)]
["'Winter'"]: [(8, 0.9999317378036094)]
["'Wintrich'"]: [(6, 0.4856483931127872), (3, 0.16585659016941579), (8, 0.12659741831298021), (1, 0.10463304826731284), (9, 0.0986832469154408), (5, 0.014380323073446064)]
["'Wolff'"]: [(2, 0.4719537630349287), (1, 0.3700590096272673), (5, 0.1133537712941639)]
["'Zeidler'"]: [(8, 0.17986415687297733), (6, 0.1306019558517347), (2, 0.12979316077296296), (9, 0.11931336628536741), (7, 0.09968531935201974), (3, 0.0896347782309243), (1, 0.07234488260359785), (5, 0.0706127978848564), (0, 0.0698236933767181), (4, 0.03832588876884124)]
["'Zweigert"]: [(7, 0.9652520482445689)]
["'gerichts'"]: [(1, 0.923794772922623), (6, 0.019729784647258122)]
["'unter'"]: [(8, 0.17423722810031722), (6, 0.1389294934815182), (2, 0.1241694603921446), (3, 0.10754449514895964), (1, 0.08541877806203287), (7, 0.08516338137639774), (4, 0.08212952365134525), (9, 0.0708377208705914), (5, 0.06766359522401073), (0, 0.06390632369268234)]
['']: [(1, 0.535293539974876), (6, 0.32813270155429947), (0, 0.13656845721589458)]
