["'"]: [(35, 0.869277622967983), (1, 0.1307006872769513)]
["''"]: [(35, 0.9999831496456152)]
["'.'"]: [(30, 0.47624868755155336), (32, 0.39650462664406966)]
["'<us>'"]: [(25, 0.03291015779082661), (0, 0.032128707978351906), (7, 0.03208002170793255), (28, 0.031314374200334054), (26, 0.031148803551125648), (17, 0.030767719286903056), (13, 0.030549919153619296), (20, 0.030318730790895664), (36, 0.030112334308492507), (24, 0.029676923542611228), (29, 0.027777414725130324), (2, 0.027656171208781017), (6, 0.02739192957963933), (23, 0.02734951721634796), (16, 0.02707682023188593), (14, 0.026953391662841976), (12, 0.026627981619663406), (35, 0.026614892171762747), (1, 0.02645045397032323), (30, 0.026202895431968385), (31, 0.026200833109712773), (34, 0.026102298183792044), (32, 0.026041631283009563), (19, 0.026035422745165265), (8, 0.025966760381422448), (4, 0.025708162478903136), (18, 0.025510992879631007), (21, 0.02525986694260159), (15, 0.02488493868978272), (33, 0.0248175547313909), (22, 0.024338254875545185), (9, 0.02424002322320715), (5, 0.023999366586454143), (10, 0.023895546746101767), (11, 0.02265017206146268), (27, 0.022309924653560572), (3, 0.020929090298819827)]
["'Baer"]: [(1, 0.7003705340245939), (18, 0.18421074931066692), (34, 0.0949296948815478), (4, 0.020481494202829176)]
["'Baer'"]: [(35, 0.9038672646121524), (1, 0.03921090309697627), (30, 0.02905309093409086), (19, 0.027838318578051007)]
["'Benda'"]: [(34, 0.6220526489359426), (3, 0.1752322238869369), (28, 0.11620465347493869), (32, 0.049541451656454745), (20, 0.036327244174252954)]
["'Berger'"]: [(35, 0.343153119759422), (24, 0.15449725874171757), (19, 0.1394731826484681), (28, 0.11660637268941461), (20, 0.07447445147123889), (29, 0.05228878032113659), (7, 0.03706930084367682), (2, 0.03204267841063294), (5, 0.01821392297102422), (22, 0.014910099969640492), (8, 0.012093960782127532)]
["'Britz"]: [(22, 0.43172089828564264), (4, 0.27920027977775613), (34, 0.23789416643919284), (24, 0.03572182903121763), (20, 0.015431130879207808)]
["'Britz'"]: [(35, 0.5815214784822613), (34, 0.3413901981595669), (30, 0.03919736295659914), (22, 0.015978103508414353), (23, 0.01410937260602634)]
["'Bro'"]: [(21, 0.9721446349331471), (24, 0.010929842671975738)]
["'Broß"]: [(22, 0.9999001450217606)]
["'Broß'"]: [(22, 0.7026918992808268), (34, 0.2592108147026797), (35, 0.03809533222208674)]
["'Bryde"]: [(1, 0.9999823005689608)]
["'Bryde'"]: [(1, 0.9550379192541277), (18, 0.0449548886173428)]
["'Böckenförde'"]: [(35, 0.521647266539729), (22, 0.4783107062057656)]
["'Böhmer'"]: [(35, 0.9210104432447426), (8, 0.06416109033143425)]
["'Christ"]: [(1, 0.6436848170497677), (18, 0.1561269511787172), (22, 0.09818113649442142), (34, 0.09071752892749278), (4, 0.011247326395474556)]
["'Christ'"]: [(35, 0.40722626194405087), (22, 0.18104798084869433), (1, 0.13634537238342687), (4, 0.08170904895066457), (30, 0.06951075895136986), (17, 0.05993288798154872), (18, 0.03523917694801179), (6, 0.013584385891241106)]
["'DiFabio"]: [(36, 0.9999728023588993)]
["'DiFabio'"]: [(35, 0.9999684034336721)]
["'Di\\xa0Fabio"]: [(35, 0.9986671948093674)]
["'Di\\xa0Fabio'"]: [(22, 0.7292144143854119), (30, 0.2707810933981665)]
["'Dieterich'"]: [(35, 0.9999327537328588)]
["'Drath'"]: [(23, 0.9986291770003076)]
["'Eichberger"]: [(35, 0.5384719154135168), (1, 0.40996317686685446), (18, 0.05127529078359647)]
["'Eichberger'"]: [(22, 0.5625934702556248), (32, 0.1944557622106891), (35, 0.1503844967948612), (4, 0.06435521326817836), (30, 0.02820807914370191)]
["'Ellinghaus'"]: [(14, 0.9620596944613139)]
["'Faller'"]: [(35, 0.5589411435681375), (9, 0.24739945493694085), (10, 0.15147588847252644), (18, 0.027838218110313527)]
["'Federer"]: [(20, 0.9424991383759445)]
["'Friesenhahn'"]: [(17, 0.9398379916240547)]
["'Fröhlich'"]: [(35, 0.5207401334132049), (34, 0.420478621441037)]
["'Gaier"]: [(4, 0.371518348288013), (1, 0.33247488518580703), (35, 0.16299505667883135), (30, 0.1328160196608478)]
["'Gaier'"]: [(1, 0.6464784452007794), (35, 0.3262991993581051), (30, 0.027220732104907466)]
["'Geiger'"]: [(6, 0.9390978397377446)]
["'Gerhard"]: [(32, 0.9389372448540736), (35, 0.010276941390599327)]
["'Gerhardt"]: [(18, 0.9999939442767073)]
["'Gerhardt'"]: [(22, 0.7711093964543057), (18, 0.21473251300787619), (30, 0.014139450073647239)]
["'Graßhof"]: [(22, 0.6385602416871435), (34, 0.22027536617618582), (36, 0.1364792002696307)]
["'Graßhof'"]: [(35, 0.9999913442693806)]
["'Grimm"]: [(21, 0.7156073097245111), (0, 0.2638846874879188)]
["'Grimm'"]: [(35, 0.9999922398301562)]
["'H.-J.Rinck'"]: [(22, 0.1469925631281838), (34, 0.10083454386677504), (14, 0.09015709342007519), (16, 0.06594851533393932), (10, 0.056408216623933756), (6, 0.05445880159833973), (25, 0.04065713880501453), (12, 0.04043620108338416), (23, 0.03785280328384466), (9, 0.032139742632993684), (21, 0.030353719028853764), (28, 0.03032941252646033), (2, 0.028612409591743056), (8, 0.026643051452049774), (13, 0.02480719194289366), (24, 0.021284728706428994), (36, 0.020635878260263682), (1, 0.020534429359830467), (11, 0.0185149188336869), (0, 0.017046382249935398), (7, 0.01616173161486509), (3, 0.014233111615694516)]
["'Haas"]: [(34, 0.9998000726249542)]
["'Haas'"]: [(4, 0.9999907001058288)]
["'Harbarth'"]: [(4, 0.4359093749814824), (34, 0.2730368712512249), (35, 0.1616836638006712), (22, 0.05812522542994625), (36, 0.038819215383337935), (24, 0.01952853526454661), (1, 0.012869180103085265)]
["'Hasseme"]: [(7, 0.9755075034622089)]
["'Hassemer"]: [(22, 0.9999663050914638)]
["'Hassemer'"]: [(22, 0.5487193141391102), (18, 0.45127764607043486)]
["'Heck'"]: [(6, 0.3159716663285512), (9, 0.2817485008629307), (35, 0.13668449243249717), (10, 0.11164203520781588), (22, 0.07972395161246086), (17, 0.0456013629963767), (28, 0.026909260385861854)]
["'Heiland'"]: [(33, 0.9989664238382869)]
["'Henneka'"]: [(1, 0.9411554436701176)]
["'Henschel'"]: [(22, 0.537164511900674), (35, 0.46280426034025934)]
["'Hentschel'"]: [(6, 0.21076716922530547), (4, 0.17845717463384114), (35, 0.1619149107655373), (9, 0.14704417039130885), (33, 0.0841935194937717), (13, 0.050773868499318225), (2, 0.04558644251835331), (22, 0.03162609008963506), (1, 0.024987971312772823), (5, 0.023010070066477466), (21, 0.022654531065699892), (18, 0.014420058995383176)]
["'Hermanns"]: [(4, 0.6304426113391007), (22, 0.23694943302456942), (34, 0.07030347417417954), (20, 0.03710526309334509), (35, 0.013853598288585458), (19, 0.011329412489671356)]
["'Hermanns'"]: [(36, 0.9879985497486389), (19, 0.011992079563312405)]
["'Herrmanns'"]: [(28, 0.6234989185710534), (14, 0.23482357958869887), (19, 0.03375916459821299), (13, 0.026918644979728814), (27, 0.024288148865571298), (20, 0.012063690695936624)]
["'Herzog'"]: [(4, 0.9649429137488562), (20, 0.034773575094079336)]
["'Hesse'"]: [(34, 0.3289789007967652), (32, 0.2770428902187764), (35, 0.2258487255305269), (25, 0.12707320154878995), (22, 0.040414723281777205)]
["'Heußner'"]: [(0, 0.17942166833516796), (23, 0.09546359100917373), (35, 0.07092804374747166), (2, 0.060350556034244704), (18, 0.054677089300706555), (1, 0.05435594740160619), (8, 0.04778749700522963), (26, 0.03947455277870545), (9, 0.034512462751570556), (11, 0.033950238375130344), (25, 0.03131688396068245), (21, 0.029254868524363393), (20, 0.028411854665457727), (34, 0.027376927857890945), (22, 0.022362095726673158), (28, 0.018459268250311082), (14, 0.017972424119471118), (36, 0.017674193054753463), (15, 0.017618138383821657), (5, 0.016762776332669472), (16, 0.01625276815262326), (29, 0.014004098866367424), (6, 0.013243994773456043), (19, 0.012035873440953157), (30, 0.01108845994849969), (13, 0.010514652700220485)]
["'Hmig'"]: [(21, 0.027027027027027993), (35, 0.027027027027027927), (7, 0.027027027027027743), (16, 0.02702702702702765), (28, 0.027027027027027507), (23, 0.027027027027027417), (34, 0.027027027027027386), (33, 0.02702702702702738), (9, 0.027027027027027365), (3, 0.02702702702702735), (2, 0.02702702702702731), (18, 0.0270270270270272), (14, 0.027027027027027188), (36, 0.02702702702702718), (15, 0.027027027027027126), (5, 0.027027027027027112), (20, 0.027027027027027098), (10, 0.02702702702702709), (8, 0.027027027027027042), (1, 0.02702702702702704), (24, 0.027027027027027025), (31, 0.027027027027026997), (11, 0.027027027027026935), (0, 0.027027027027026893), (17, 0.02702702702702686), (22, 0.027027027027026855), (12, 0.027027027027026845), (32, 0.0270270270270268), (26, 0.027027027027026664), (27, 0.02702702702702661), (13, 0.027027027027026577), (25, 0.027027027027026505), (19, 0.027027027027026487), (4, 0.02702702702702645), (30, 0.027027027027026446), (6, 0.027027027027026185), (29, 0.027027027027025963)]
["'Hoffmann-Riem"]: [(4, 0.9999947890758144)]
["'Hoffmann-Riem'"]: [(20, 0.5844077907104293), (34, 0.4155776821781782)]
["'Hohmann-Dennhard"]: [(5, 0.027027027027027042), (8, 0.027027027027027035), (31, 0.027027027027027035), (32, 0.027027027027027035), (30, 0.027027027027027032), (33, 0.027027027027027032), (0, 0.02702702702702703), (18, 0.02702702702702703), (34, 0.02702702702702703), (35, 0.02702702702702703), (11, 0.027027027027027025), (22, 0.027027027027027025), (28, 0.027027027027027025), (4, 0.02702702702702702), (2, 0.027027027027027018), (19, 0.027027027027027018), (21, 0.027027027027027018), (23, 0.027027027027027018), (24, 0.027027027027027015), (29, 0.027027027027027015), (10, 0.02702702702702701), (3, 0.027027027027027008), (9, 0.027027027027027008), (12, 0.027027027027027008), (17, 0.027027027027027008), (27, 0.027027027027027008), (6, 0.027027027027027004), (15, 0.027027027027027004), (36, 0.027027027027027004), (16, 0.027027027027027), (1, 0.027027027027026997), (14, 0.027027027027026997), (20, 0.027027027027026997), (25, 0.027027027027026997), (7, 0.027027027027026994), (13, 0.02702702702702699), (26, 0.02702702702702698)]
["'Hohmann-Dennhardt"]: [(34, 0.7723664408435948), (35, 0.22761247701797638)]
["'Hohmann-Dennhardt'"]: [(35, 0.7724216280487416), (34, 0.22757364620316634)]
["'Huber"]: [(18, 0.730363763622872), (35, 0.17566566312968604), (19, 0.052592414441295234), (34, 0.041352938538011905)]
["'Huber'"]: [(35, 0.5312545822406182), (1, 0.224017578833166), (36, 0.22385513850352684), (19, 0.020867990458269692)]
["'Härtel"]: [(1, 0.527329661072855), (22, 0.19547659795534744), (35, 0.14086602478384705), (34, 0.07306479800230439), (18, 0.03158299535939496), (19, 0.01634693060957089)]
["'Hömig"]: [(1, 0.9995223403239591)]
["'Hömig'"]: [(35, 0.5463663069836644), (34, 0.2875868831384971), (18, 0.16602268077059826)]
["'Höpker-Aschoff'"]: [(15, 0.9620400152991361)]
["'Jaeger"]: [(9, 0.6331899645807908), (2, 0.20633474526815787), (26, 0.1603581509829769)]
["'Jaeger'"]: [(35, 0.6679707598098537), (34, 0.23609859592265423), (18, 0.09294462125375327)]
["'Jentsch"]: [(22, 0.9996181179307483)]
["'Jentsch'"]: [(4, 0.9999894749288706)]
["'Jentsch;'"]: [(30, 0.02702702702702707), (20, 0.027027027027027056), (6, 0.027027027027027053), (28, 0.027027027027027053), (32, 0.027027027027027053), (22, 0.02702702702702705), (34, 0.02702702702702705), (35, 0.02702702702702705), (5, 0.027027027027027046), (10, 0.027027027027027046), (36, 0.027027027027027046), (3, 0.027027027027027042), (11, 0.027027027027027042), (17, 0.027027027027027042), (18, 0.027027027027027042), (31, 0.027027027027027042), (25, 0.02702702702702704), (29, 0.02702702702702704), (2, 0.027027027027027035), (4, 0.027027027027027035), (9, 0.027027027027027035), (27, 0.027027027027027035), (8, 0.027027027027027032), (12, 0.027027027027027032), (15, 0.027027027027027032), (24, 0.027027027027027032), (1, 0.02702702702702703), (16, 0.02702702702702703), (33, 0.02702702702702703), (0, 0.027027027027027025), (14, 0.027027027027027025), (26, 0.027027027027027025), (21, 0.02702702702702702), (7, 0.027027027027027018), (13, 0.027027027027027018), (23, 0.027027027027027), (19, 0.027027027027026994)]
["'Jäger'"]: [(9, 0.226038852998358), (4, 0.16590139935072226), (27, 0.15646101436825727), (6, 0.13535101824379242), (35, 0.09721904295502423), (18, 0.05065581913253863), (34, 0.04612681839868107), (33, 0.044415312580197375), (10, 0.026165334220551544), (29, 0.020094635431224004), (2, 0.012690531579317101)]
["'Katz'"]: [(8, 0.9407039895046025)]
["'Katzenstein"]: [(32, 0.7612473382357987), (22, 0.12005342074631578), (28, 0.10399406882665856)]
["'Katzenstein'"]: [(0, 0.11810959691192112), (1, 0.09481862273976174), (34, 0.06301765399377991), (2, 0.05708291774336029), (18, 0.05276449263754361), (21, 0.05049583437227371), (8, 0.04424830223305486), (16, 0.04274470338409996), (4, 0.042064503490137406), (26, 0.03839487568946801), (15, 0.0370998172624812), (19, 0.03342130553094428), (28, 0.0313067266488657), (25, 0.026891073915141003), (23, 0.026481583613701593), (17, 0.022479115261565052), (3, 0.022131407325586355), (35, 0.020007060532195555), (31, 0.01917083521867969), (13, 0.0190844854118371), (5, 0.016604475695761473), (24, 0.015849592454463653), (20, 0.014461520426156484), (11, 0.013438041674153542), (9, 0.01280607064365031)]
["'Kessal-Wulf"]: [(22, 0.44109217763656716), (4, 0.40414328455319365), (18, 0.15466108373189685)]
["'Kessal-Wulf'"]: [(22, 0.9539847791022612), (18, 0.04601078616050997)]
["'Kessal-Wulff"]: [(18, 0.9801516460286084)]
["'Kessal-Wulff'"]: [(22, 0.3785328645910563), (4, 0.28443477322030886), (34, 0.2082601261196481), (35, 0.011589701079669286)]
["'Khling'"]: [(35, 0.02702702702702706), (30, 0.027027027027027056), (3, 0.027027027027027053), (22, 0.027027027027027053), (32, 0.027027027027027053), (2, 0.02702702702702705), (5, 0.02702702702702705), (16, 0.02702702702702705), (28, 0.027027027027027046), (11, 0.02702702702702704), (33, 0.02702702702702704), (0, 0.027027027027027035), (6, 0.027027027027027035), (7, 0.027027027027027035), (9, 0.027027027027027035), (12, 0.027027027027027035), (18, 0.027027027027027035), (29, 0.027027027027027035), (4, 0.027027027027027032), (21, 0.027027027027027032), (34, 0.027027027027027032), (36, 0.027027027027027032), (14, 0.02702702702702703), (25, 0.02702702702702703), (8, 0.027027027027027025), (10, 0.027027027027027025), (15, 0.02702702702702702), (31, 0.02702702702702702), (1, 0.027027027027027018), (19, 0.027027027027027018), (17, 0.027027027027027015), (20, 0.02702702702702701), (26, 0.02702702702702701), (24, 0.027027027027027008), (27, 0.027027027027027004), (13, 0.027027027027026997), (23, 0.027027027027026994)]
["'Kirchhof"]: [(22, 0.9999541059195777)]
["'Kirchhof'"]: [(22, 0.9999955726698146)]
["'Klaas'"]: [(8, 0.9407039895046025)]
["'Klein'"]: [(35, 0.8386055951074137), (22, 0.16134989532375643)]
["'Kruis"]: [(15, 0.3962974274326469), (24, 0.27890404420442466), (18, 0.2618266603841647), (1, 0.06244371358998354)]
["'Kruis'"]: [(22, 0.9999615975591943)]
["'König"]: [(18, 0.5117915430801636), (34, 0.3455827948286951), (13, 0.09599262075392168), (30, 0.046611373182131766)]
["'König'"]: [(22, 0.370068770147287), (36, 0.3388312462734757), (14, 0.2535206753834271), (4, 0.03266266618205454)]
["'Kühling"]: [(9, 0.8129234382452607), (18, 0.18655214601610406)]
["'Kühling'"]: [(22, 0.9999894943647649)]
["'Landau"]: [(4, 0.6077551724812177), (1, 0.21611882303336796), (22, 0.1761021896707637)]
["'Landau'"]: [(22, 0.8598901480451009), (35, 0.11414655486816887), (4, 0.025443613989461242)]
["'Langenfeld"]: [(18, 0.40469752059060743), (22, 0.3197170338963549), (1, 0.1879090613742282), (34, 0.06614968057202276), (30, 0.021510325947370394)]
["'Langenfeld'"]: [(35, 0.9045940979447181), (22, 0.09536896098128465)]
["'Lehmann"]: [(6, 0.3651548030961653), (35, 0.31353672372415003), (33, 0.12390824486628639), (5, 0.11160709999305923), (20, 0.07669628329872896)]
["'Lehmann'"]: [(35, 0.9624925829177925)]
["'Leuser'"]: [(5, 0.9403607098980022)]
["'Limbach'"]: [(18, 0.9999707462642914)]
["'Lübbe-Woff"]: [(28, 0.3460110588072814), (36, 0.28427048367930924), (14, 0.05923381220512023), (7, 0.015327305355772012), (1, 0.01064286892440627), (18, 0.01040025208535488), (26, 0.01032209506134795), (2, 0.010050360306555584), (10, 0.010021919183507665)]
["'Lübbe-Woff'"]: [(13, 0.033700095806176424), (3, 0.0324988401729478), (4, 0.03096595870510282), (29, 0.030783242388750458), (25, 0.030232257262158307), (15, 0.029680262604701385), (20, 0.02967895732255502), (1, 0.029407699953721063), (34, 0.02925856402626774), (17, 0.02860632997018057), (27, 0.028474644591947155), (31, 0.027995629188226217), (12, 0.02796572857393311), (6, 0.027930784255575904), (30, 0.027910859554744), (8, 0.027686641559348624), (16, 0.027545370825863363), (26, 0.027381759452525606), (33, 0.027123137445983186), (7, 0.026816122543864795), (0, 0.02640746828632129), (36, 0.026000002506237276), (2, 0.02593385087735179), (14, 0.02587898312986399), (11, 0.025663449275823324), (24, 0.025640032188810682), (32, 0.025093986747663947), (19, 0.0250217849318093), (9, 0.024980258385841288), (18, 0.024328753144487042), (5, 0.024274833961797398), (28, 0.023955945975629934), (21, 0.023576177793108936), (23, 0.02334415120772955), (10, 0.023270273558805978), (35, 0.022856049226767264), (22, 0.02213111259737765)]
["'Lübbe-Wolff"]: [(18, 0.8798360915110326), (22, 0.12014005675985712)]
["'Lübbe-Wolff'"]: [(36, 0.8869394286973956), (14, 0.1130547201616821)]
["'Mahrenholz'"]: [(34, 0.5088457105965235), (22, 0.4086764627438304), (16, 0.08225060141864396)]
["'Maidowski"]: [(18, 0.9635292018960248), (34, 0.03646065668689614)]
["'Maidowski'"]: [(4, 0.5246629127950608), (35, 0.3276136829174638), (36, 0.10203040913422529), (20, 0.04567612861013522)]
["'Masing"]: [(1, 0.673575726139228), (18, 0.16390216302667307), (7, 0.11346037368157007), (34, 0.04904578712571721)]
["'Masing'"]: [(35, 0.7738184547515496), (20, 0.13237395369600977), (30, 0.032197502557122025), (32, 0.031189447946599395), (19, 0.030403323574613703)]
["'Mellinghoff"]: [(18, 0.9726518787066777), (34, 0.02734278170249605)]
["'Mellinghoff'"]: [(22, 0.5459521199208073), (35, 0.2718996310003539), (18, 0.18214153364903599)]
["'Mitwirkung'"]: [(19, 0.0828679412710641), (32, 0.03254175516412104), (35, 0.032206354021197384), (1, 0.031680460542139986), (22, 0.030225102579202936), (20, 0.03005386108735748), (14, 0.02995538050564578), (30, 0.028727736935067628), (4, 0.028593225957493845), (18, 0.028332797281891513), (36, 0.02720461944700798), (34, 0.02684189109666745), (7, 0.02675113921156183), (28, 0.026569043984226527), (17, 0.02624460997759376), (2, 0.02597415448664169), (15, 0.024990020106509286), (24, 0.024866413798630527), (16, 0.024412006546881727), (0, 0.024383547938962566), (5, 0.024307418575379873), (27, 0.02419778574199645), (3, 0.024005062063134498), (21, 0.023745547744732965), (26, 0.023697872550202413), (12, 0.023688569952019515), (31, 0.023613792476392406), (11, 0.022835521987522964), (29, 0.02269524094650642), (6, 0.022599735352033915), (8, 0.02220466881358598), (33, 0.02219581105004359), (13, 0.021970848820631623), (10, 0.02173016888894423), (23, 0.021447815336782784), (25, 0.02091071483175006), (9, 0.02073136292847511)]
["'Müller"]: [(18, 0.7858093147075097), (4, 0.0845901141398748), (35, 0.06795360518193683), (34, 0.059469626114764605)]
["'Müller'"]: [(22, 0.36029402718234516), (18, 0.28872250025221063), (4, 0.22324098476755685), (35, 0.11604396886771359), (30, 0.011692412744402775)]
["'Niebler'"]: [(22, 0.12072795800182409), (14, 0.10964646783510464), (34, 0.08175820488417691), (16, 0.07418355308512124), (28, 0.06341323400763293), (10, 0.04727228895108084), (9, 0.04679628604069264), (25, 0.04246577758584189), (8, 0.03836136044167645), (36, 0.035564664518869304), (5, 0.03362875225258665), (12, 0.032950536370070276), (3, 0.029315384621761118), (2, 0.027435053706180667), (7, 0.025339209769289096), (21, 0.022501201745679177), (35, 0.022002918822528736), (23, 0.021160152371451413), (33, 0.019332679838605808), (13, 0.016686303262019836), (20, 0.01664786695371876), (17, 0.0122238796290213), (6, 0.010215703783148325)]
["'Niedermaier"]: [(0, 0.1139064266318799), (2, 0.0814283314422311), (23, 0.06419344523080325), (18, 0.05025614091617683), (28, 0.04766110523929776), (21, 0.04470791769088499), (26, 0.0425658732481514), (36, 0.042455927877549274), (1, 0.041028310818112236), (9, 0.03597831222324152), (35, 0.03507870775337484), (13, 0.03462194533089168), (8, 0.03418091593907026), (22, 0.032988501929904865), (19, 0.03086978216555969), (7, 0.025273000985208058), (34, 0.024540983613968483), (24, 0.02209450212030911), (15, 0.01836222421300881), (25, 0.01813632278785508), (10, 0.01804549965685151), (17, 0.018022858737932402), (4, 0.017219291776472963), (30, 0.016168841665453862), (16, 0.01607640843046059), (20, 0.015262121294646928), (11, 0.010278191762130004)]
["'Niemeyer'"]: [(0, 0.13107071727667094), (18, 0.08509542015396131), (23, 0.08151147262857447), (8, 0.07274704690023405), (1, 0.06726924417458853), (35, 0.04205396132568674), (3, 0.041762111759114144), (28, 0.040978852429988076), (22, 0.03700068546281145), (7, 0.03469473649221427), (26, 0.032151135587684065), (21, 0.03181772815837332), (25, 0.031197323147997766), (13, 0.028289723458269644), (16, 0.028066829529019427), (2, 0.027755193417804455), (20, 0.027296120159214007), (4, 0.023706120024154988), (11, 0.022987402147886214), (29, 0.018132511199342734), (30, 0.01505558686910897), (5, 0.01202566215117195), (14, 0.011605231830112602), (27, 0.01085045247468386)]
["'Osterloh"]: [(22, 0.9999051561519396)]
["'Osterloh'"]: [(22, 0.9821828989978131), (18, 0.01780672638119271)]
["'Ott"]: [(1, 0.8803931879440229), (3, 0.06268663043640012), (18, 0.040351028695954694)]
["'Ott'"]: [(35, 0.6918663436405912), (32, 0.2300866886700042), (30, 0.04076856181801052), (1, 0.037200792057531296)]
["'Papier'"]: [(22, 0.520503546772703), (35, 0.32575528442550705), (36, 0.15373335781851727)]
["'Paulus"]: [(1, 0.36734231634411685), (4, 0.32193406841003347), (31, 0.12101080837020438), (34, 0.0900410619719583), (18, 0.0868242891978886)]
["'Paulus'"]: [(22, 0.3283702469986036), (4, 0.3089204197962597), (20, 0.16062213229346092), (34, 0.11526769201440265), (36, 0.07531387465177672), (24, 0.011499371358548834)]
["'Radtke"]: [(34, 0.3919224579428725), (1, 0.37711572731961596), (22, 0.13174226752895898), (18, 0.08554399499461365), (4, 0.013615297221946305)]
["'Radtke'"]: [(35, 0.5519583073694815), (12, 0.12511298136004076), (23, 0.052481066860466004), (2, 0.045696296690448654), (28, 0.03790953276520565), (36, 0.030896212087211144), (27, 0.026875021804919425), (17, 0.025854147614255557), (3, 0.023723895687316345), (30, 0.016427884252109212), (14, 0.013183567135015365), (4, 0.012859348277754213)]
["'Rinck'"]: [(22, 0.17071333660398225), (34, 0.12480569450408308), (14, 0.0724339011524671), (10, 0.05783600432120904), (8, 0.051909005736236746), (28, 0.04716758628606062), (36, 0.04333898924876484), (16, 0.0421289243015751), (12, 0.03868087802848135), (2, 0.03779036487255008), (5, 0.03376628291723895), (23, 0.03231054085657169), (3, 0.028032630244469812), (6, 0.022706333992036153), (1, 0.01992230096133034), (33, 0.018113886036791628), (21, 0.017035588788315098), (24, 0.01696936637743702), (9, 0.014318770627628598), (13, 0.013486220462060368), (25, 0.011974959017022684), (35, 0.011934637908529586), (11, 0.011588973346018175), (7, 0.011148848672504742), (0, 0.010489731768348673)]
["'Ritterspach"]: [(20, 0.3517721705312477), (24, 0.1416555587697708), (10, 0.10384222594230903), (26, 0.10210437216815955), (3, 0.058152727045856334), (36, 0.05318869568094679), (13, 0.04262395433441917), (2, 0.037853470655812516), (0, 0.03336593752801665), (14, 0.03322549971014677), (22, 0.029741474798780237)]
["'Ritterspach'"]: [(13, 0.571505478906775), (14, 0.4251761752029864)]
["'Roediger'"]: [(26, 0.9421825754378078)]
["'Rottmann"]: [(22, 0.1645190835203117), (34, 0.0912531828420085), (14, 0.07566230110706412), (16, 0.07226976399611991), (8, 0.06405648363914541), (2, 0.048134419744218754), (28, 0.04760973445900872), (24, 0.04299128452246122), (10, 0.039434041854092126), (12, 0.036219371395249896), (5, 0.03382790652278395), (20, 0.0322393279651932), (25, 0.029724859803943113), (0, 0.028040608912784436), (35, 0.024469085086278687), (7, 0.021761178394019816), (9, 0.0202891583804749), (23, 0.018957220976650244), (3, 0.017563067071245803), (36, 0.015067428902217291), (6, 0.013773584881220316), (13, 0.01111168640797242), (30, 0.010289067055075833)]
["'Rottmann'"]: [(22, 0.13984981035673466), (14, 0.1074619520482159), (34, 0.10341459291259195), (28, 0.09590984028047396), (16, 0.08751458089167963), (10, 0.06036114538064864), (9, 0.041560715223056065), (13, 0.032472639028185535), (23, 0.03131582977193092), (0, 0.022590676206642284), (7, 0.022219308445823562), (3, 0.021879256526506984), (5, 0.021812066690834072), (25, 0.021223098195219062), (2, 0.020734185294562647), (21, 0.019234538040478838), (6, 0.018042395754631946), (12, 0.016091692644606113), (27, 0.015416390347272173), (20, 0.015035769919257782), (1, 0.012855469626901065), (11, 0.010166356500185844)]
["'Rupp'"]: [(29, 0.9411402366923283)]
["'Scheffler'"]: [(35, 0.9986552350704235)]
["'Schluckebier"]: [(35, 0.8338684053468195), (32, 0.1661264766856963)]
["'Schluckebier'"]: [(35, 0.9806011383793881), (30, 0.014949548126831406)]
["'Scholtissek'"]: [(35, 0.8200106634562341), (18, 0.17867837539157957)]
["'Seibert"]: [(10, 0.8214741445563062), (35, 0.14603642518865365), (22, 0.025163217044755503)]
["'Seibert'"]: [(9, 0.9976274964228702)]
["'Seidl"]: [(25, 0.9995643551293968)]
["'Seidl'"]: [(22, 0.999954736998584)]
["'Simon'"]: [(7, 0.407089073866109), (35, 0.32459747705634606), (32, 0.2676337969978898)]
["'Sommer"]: [(36, 0.9986129284145074)]
["'Sommer'"]: [(4, 0.999995062549823)]
["'Stein'"]: [(20, 0.998640141592166)]
["'Steinberger'"]: [(22, 0.17876616038286364), (14, 0.1109199174037573), (28, 0.10131835328856725), (34, 0.08945133729566189), (16, 0.045935403004623974), (6, 0.040670145285374035), (9, 0.03570886818479008), (2, 0.03125632330896577), (8, 0.030156472113474282), (25, 0.029544988154188045), (20, 0.028821544432378905), (5, 0.025932818338267157), (23, 0.02521885375099571), (12, 0.024911142313581457), (13, 0.02393872074711475), (7, 0.02343488486847442), (21, 0.023379273565454224), (36, 0.020464040154032467), (10, 0.01918944396341264), (24, 0.018624261043576427), (35, 0.017476413729984198), (1, 0.013317034054923524), (0, 0.010941022929978924)]
["'Steiner"]: [(32, 0.9999365703872021)]
["'Steiner'"]: [(1, 0.999996310818889)]
["'Söllner'"]: [(22, 0.6600511614462755), (35, 0.3399171391115405)]
["'Träger'"]: [(22, 0.19188574612187653), (34, 0.1112819843368452), (14, 0.08942539299660221), (16, 0.05315451827227434), (10, 0.05308693199240933), (6, 0.04872236088487087), (2, 0.04445984715055894), (9, 0.038229145606443554), (28, 0.037431706763827045), (20, 0.0320754284630103), (8, 0.02890152877922188), (3, 0.028623874097701528), (23, 0.027849315520352084), (25, 0.027181250514534558), (12, 0.025587649932063628), (36, 0.020131966298940155), (13, 0.017211615894789683), (7, 0.016591730826928865), (11, 0.01558681189373551), (33, 0.015077524026449194), (1, 0.013349888532940954), (0, 0.013136625538814277)]
["'Vosskuhle'"]: [(36, 0.8004047034443666)]
["'Voßkuhle'"]: [(35, 0.6812445031402073), (18, 0.3187309202692415)]
["'Wallrabensein"]: [(28, 0.2419073927062475), (36, 0.23079690758506136), (18, 0.1638619197777237), (1, 0.05195184122445955), (35, 0.04805316745495247), (14, 0.04765829629237224), (6, 0.025754950668656507), (30, 0.010450130773944081), (22, 0.010210512454542657)]
["'Wallrabenstein"]: [(18, 0.44618400642593625), (14, 0.38220479373661453), (34, 0.08976108364105215), (30, 0.0818300106656213)]
["'Wallrabenstein'"]: [(28, 0.8866380865520709), (7, 0.02624460484900903)]
["'Wand'"]: [(22, 0.19364637710353455), (34, 0.14961362764376832), (28, 0.06019157656898152), (16, 0.05929425616759463), (12, 0.055495012340339954), (8, 0.053275804386150497), (6, 0.04304347580544891), (23, 0.03659196388086846), (9, 0.03333260757657551), (2, 0.03139086057184366), (20, 0.027678298860409886), (36, 0.02743208605791034), (14, 0.026416098086487583), (3, 0.025898725803461326), (7, 0.021909229073556993), (10, 0.020655918107970413), (25, 0.017285509979719952), (5, 0.013840464561088051), (24, 0.013522479828100533), (30, 0.012666906691934458), (13, 0.01231497729964766)]
["'Wessel'"]: [(16, 0.6053652212572102), (18, 0.391351539471899)]
["'Winter"]: [(31, 0.9998493136918943)]
["'Winter'"]: [(35, 0.9999244029199766)]
["'Wintrich'"]: [(5, 0.42564506429335175), (12, 0.2460285319473304), (0, 0.20975984283248353), (17, 0.10427548120837365)]
["'Wolff'"]: [(22, 0.9421251356606472)]
["'Zeidler'"]: [(22, 0.17727700045331102), (34, 0.12400655320437272), (28, 0.08857297978964505), (10, 0.07062234636318465), (2, 0.05666051225754522), (8, 0.05202085166377481), (12, 0.04494922039905767), (16, 0.037351359076350794), (25, 0.03506699677246754), (6, 0.029710693320162435), (14, 0.029473561791479724), (9, 0.028909419269597475), (23, 0.026142900027328875), (7, 0.024403691026668534), (3, 0.022472656323110327), (36, 0.01995864138658184), (13, 0.01652908815127333), (20, 0.013343022699496502), (24, 0.013335540956584117), (0, 0.013147730775371676), (21, 0.012981108102243925), (17, 0.012222977218921889), (35, 0.010042632285363525)]
["'Zweigert"]: [(4, 0.962282906584285)]
["'gerichts'"]: [(36, 0.46547806433412103), (1, 0.3423233955157007), (4, 0.019594337943035695)]
["'unter'"]: [(19, 0.10531086244313471), (18, 0.03455859440009166), (3, 0.02926929172460467), (32, 0.02920214581067261), (1, 0.02875607336955176), (7, 0.02774572958581961), (35, 0.027396242562391874), (36, 0.027219558353252245), (20, 0.027213104981971187), (11, 0.02720613291482013), (21, 0.02713446579951274), (14, 0.02633778885978197), (22, 0.025853057684303727), (8, 0.025364970153948806), (9, 0.02495252310827036), (4, 0.024941954151635668), (0, 0.024808550819273193), (2, 0.024252033037368177), (28, 0.024162340904616973), (33, 0.024128134240905073), (13, 0.023982287438590117), (26, 0.023451203241504126), (16, 0.023421874084913603), (5, 0.02329847776300031), (6, 0.02325409999108077), (27, 0.023097954584505722), (12, 0.02307749375999665), (31, 0.022939248760383897), (30, 0.022769450132951022), (34, 0.022734676449190628), (15, 0.022430615278982494), (24, 0.022274177580071247), (10, 0.021990707706104257), (25, 0.021799411859431038), (23, 0.02139123348868167), (29, 0.02135847589749228), (17, 0.020915057077192947)]
['']: [(36, 0.5099128393111451), (22, 0.21216380384870126), (1, 0.13930651725793244), (35, 0.13861008790475277)]
