["'"]: [(88, 0.8878367642250977), (52, 0.060766609973238954), (35, 0.051378684436068994)]
["''"]: [(35, 0.9999822109263377)]
["'.'"]: [(51, 0.5617569419226159), (30, 0.054128477157864216), (18, 0.02774356516572623), (46, 0.01999672363478069)]
["'<us>'"]: [(29, 0.012477182493349686), (4, 0.012274009678794632), (89, 0.011913693108064219), (42, 0.011704362769368216), (68, 0.011668430922535573), (20, 0.011621741580566622), (43, 0.011582838943945255), (65, 0.011487653033526671), (53, 0.01141995514954528), (19, 0.011391841095503915), (5, 0.011268786820030451), (55, 0.011212037147767657), (72, 0.011162467906590229), (90, 0.011103476798308807), (71, 0.011092578464455114), (2, 0.011018194015706135), (15, 0.01096959805389036), (41, 0.010904159532846314), (13, 0.010899250573914995), (79, 0.010855720942594533), (0, 0.010837777715450407), (85, 0.010804784806929753), (63, 0.010772483958928948), (73, 0.010701951962611601), (93, 0.010685990172207322), (94, 0.010656677118604236), (59, 0.010609065712125705), (28, 0.010608643579124308), (92, 0.010547328622060488), (84, 0.010536184137339614), (88, 0.010529161117863938), (75, 0.010444130132080238), (87, 0.010441639675310959), (37, 0.010389556090022073), (91, 0.010351868228798628), (21, 0.010348816503666999), (95, 0.01034647308685212), (69, 0.01032996574183614), (99, 0.010309621326050887), (10, 0.010286126410160317), (83, 0.010283767648944736), (58, 0.010248246182181519), (80, 0.010205874737305535), (49, 0.010166876191198344), (40, 0.010132425426119054), (70, 0.010068262253632594), (67, 0.01005263074998777), (18, 0.010024502380300343), (11, 0.010015528928172686)]
["'Baer"]: [(35, 0.4477229589267092), (32, 0.2435244261626071), (73, 0.17547508418718447), (46, 0.08412299745564228), (59, 0.049147187022847635)]
["'Baer'"]: [(35, 0.5435684052666445), (52, 0.36438474711078384), (71, 0.05711026204223017), (56, 0.03053851826764989)]
["'Benda'"]: [(7, 0.38707567334089404), (54, 0.28925321180081964), (48, 0.16861702072199708), (20, 0.15433889576512438)]
["'Berger'"]: [(28, 0.31488480881601527), (86, 0.18678538101353218), (78, 0.16743795719836208), (1, 0.09204961012817758), (38, 0.051235112568650515), (31, 0.034291627017261565), (73, 0.031854598506293394), (36, 0.028500977520669275), (68, 0.027923196610835997), (40, 0.024605055129637204), (7, 0.02298540893038309), (42, 0.01348830498855366)]
["'Britz"]: [(59, 0.3915950775293877), (73, 0.36821577131578614), (93, 0.12641325591514083), (49, 0.0624877644509958), (53, 0.027328509441123996), (62, 0.023927171839772027)]
["'Britz'"]: [(35, 0.6204634081330771), (32, 0.14747429294864126), (81, 0.07547923126761232), (86, 0.06346153501227093), (93, 0.03718612196616544), (51, 0.028361019078604176), (82, 0.018599195431260856)]
["'Bro'"]: [(49, 0.9824435387039352)]
["'Broß"]: [(22, 0.6895298191736386), (52, 0.310360294637444)]
["'Broß'"]: [(58, 0.45529287488245146), (86, 0.2081151681700136), (46, 0.18387112422411486), (35, 0.15271880682042477)]
["'Bryde"]: [(73, 0.6285875270832695), (86, 0.360008999402759), (58, 0.010567188680260742)]
["'Bryde'"]: [(35, 0.8738213257073428), (59, 0.12576243912081647)]
["'Böckenförde'"]: [(93, 0.720188913452926), (59, 0.2797676399175682)]
["'Böhmer'"]: [(80, 0.4041241621302708), (65, 0.32327945634692845), (7, 0.16631035418427778), (6, 0.0853793908297226)]
["'Christ"]: [(73, 0.6369087161878731), (86, 0.17135889428966478), (32, 0.06881964674802903), (35, 0.06479652996041307), (59, 0.0580683016573132)]
["'Christ'"]: [(35, 0.2588607512450402), (88, 0.21862768863708293), (86, 0.18319483453388766), (58, 0.09808887765548518), (63, 0.07545807685077799), (73, 0.07114585905608213), (51, 0.05735588365406899), (59, 0.031452325486651354)]
["'DiFabio"]: [(73, 0.9999725069795111)]
["'DiFabio'"]: [(73, 0.3904008153865301), (88, 0.2502458244380962), (92, 0.113470111903654), (44, 0.10544994373052446), (46, 0.0806117746674579), (36, 0.05979145930327791)]
["'Di\\xa0Fabio"]: [(35, 0.9986357359646157)]
["'Di\\xa0Fabio'"]: [(49, 0.7169516751757105), (56, 0.1715799710941983), (88, 0.1114640628006143)]
["'Dieterich'"]: [(52, 0.8269016439311687), (49, 0.1730303440700979)]
["'Drath'"]: [(23, 0.9987608162691141)]
["'Eichberger"]: [(46, 0.47067431115041103), (73, 0.3943713419326251), (32, 0.11039320903294489), (59, 0.015832591850867824)]
["'Eichberger'"]: [(59, 0.545965876679077), (35, 0.2534565231465696), (88, 0.1074038172948141), (51, 0.044371336490912815), (22, 0.02385099418044013), (52, 0.013048922812933917), (53, 0.011899420956911442)]
["'Ellinghaus'"]: [(43, 0.9656005613445756)]
["'Faller'"]: [(35, 0.8400154615003669), (17, 0.14222595125776194)]
["'Federer"]: [(93, 0.9412541136064625)]
["'Friesenhahn'"]: [(21, 0.9378117175021959)]
["'Fröhlich'"]: [(52, 0.9415036524479578)]
["'Gaier"]: [(35, 0.5029102893960188), (51, 0.17436055132973657), (49, 0.16992471935349582), (86, 0.10197421579150329), (73, 0.04870493968829056)]
["'Gaier'"]: [(35, 0.8059461629186055), (88, 0.090722894501369), (73, 0.06755300033901614), (51, 0.035776343420487224)]
["'Geiger'"]: [(11, 0.9392162043308574)]
["'Gerhard"]: [(32, 0.4857805811156312), (68, 0.3389853445069553), (37, 0.034340969899553195), (93, 0.021117839703778972)]
["'Gerhardt"]: [(73, 0.6742683508910889), (49, 0.2281868263670029), (32, 0.0975381192687499)]
["'Gerhardt'"]: [(73, 0.6121919277987365), (49, 0.3244853822917817), (36, 0.05726133205545018)]
["'Graßhof"]: [(75, 0.8048101727466527), (55, 0.09798665102080246), (86, 0.09212667165184117)]
["'Graßhof'"]: [(52, 0.99999116177987)]
["'Grimm"]: []
["'Grimm'"]: [(52, 0.9999921476589801)]
["'H.-J.Rinck'"]: [(49, 0.1267222267471973), (14, 0.0970459838865635), (86, 0.07619587872952062), (79, 0.06008060869682628), (39, 0.053486348519096165), (22, 0.04778322461935883), (75, 0.04686033752042985), (6, 0.041654665003892075), (91, 0.03602512380639644), (16, 0.03454788530643602), (28, 0.029479885961437823), (78, 0.028972300335601282), (10, 0.027776374684134846), (65, 0.022678117820685975), (50, 0.022536207725448437), (66, 0.020589784712727266), (80, 0.019888432826151905), (34, 0.017738209058477717), (44, 0.016778642030266088), (84, 0.016292391669754113), (70, 0.014882519534609473), (35, 0.014475531676218753), (13, 0.01400170077203657), (25, 0.01336739054100282), (9, 0.013228480686866911), (99, 0.010349481812962141)]
["'Haas"]: [(92, 0.9997993175991223)]
["'Haas'"]: [(35, 0.7262397772486822), (32, 0.1474737183782843), (58, 0.12627723824334577)]
["'Harbarth'"]: [(53, 0.6893265926344061), (52, 0.11944109299489684), (58, 0.11353272820946517), (59, 0.06077185801086993)]
["'Hasseme"]: []
["'Hassemer"]: [(52, 0.999965445393742)]
["'Hassemer'"]: [(58, 0.47418730570436474), (46, 0.2355467972850177), (35, 0.15453387209956804), (52, 0.11579290473749067), (88, 0.019935874799251626)]
["'Heck'"]: [(60, 0.4130226624385119), (20, 0.2321737722641693), (49, 0.2139857970161668), (18, 0.0508843819437163), (33, 0.04327807945628286), (98, 0.037499013562164035)]
["'Heiland'"]: [(62, 0.9990850076976132)]
["'Henneka'"]: [(61, 0.937995265204345)]
["'Henschel'"]: [(35, 0.9999672211512394)]
["'Hentschel'"]: [(27, 0.17344167730203452), (44, 0.16873656928453556), (92, 0.14410196959582133), (90, 0.13959207796627426), (82, 0.1115410626986578), (85, 0.07918385458739316), (18, 0.06976940496870601), (30, 0.044606242497919175), (24, 0.0208191306277703), (87, 0.017521577999656333), (48, 0.015950836860174095)]
["'Hermanns"]: [(35, 0.3431808066881055), (73, 0.3026567520826983), (59, 0.19746458123949182), (49, 0.07049290229264123), (14, 0.038569897715909164), (56, 0.015911462751366456), (15, 0.011277662578167527)]
["'Hermanns'"]: [(59, 0.4163360641481336), (44, 0.19593049032417786), (86, 0.1838232056323751), (49, 0.11820345789815805), (36, 0.08569711698419306)]
["'Herrmanns'"]: [(65, 0.2836531193677242), (44, 0.22788206653746254), (14, 0.0817723157457263), (91, 0.05174204261021051), (36, 0.0355161063681673), (79, 0.03236712123102654), (71, 0.026914492470230544), (83, 0.026657373122982213), (94, 0.02612294222320858), (70, 0.02439818488539541), (99, 0.021863515200024525), (56, 0.021266295503926936), (51, 0.012082717393774348)]
["'Herzog'"]: [(49, 0.9071373708296796), (93, 0.06414604069087107), (10, 0.028428456711627786)]
["'Hesse'"]: [(58, 0.6317440961037262), (66, 0.22731176728313487), (53, 0.06463102293460285), (39, 0.04508140009544152), (29, 0.030533033948863395)]
["'Heußner'"]: [(60, 0.10002000703137834), (80, 0.07414851862102789), (81, 0.06880001146869512), (1, 0.06241287191221228), (7, 0.058522294140651035), (68, 0.05238096304046999), (0, 0.050070917935145495), (84, 0.04932487250858965), (94, 0.04862501797484095), (18, 0.04460279358333082), (90, 0.03849496086393016), (78, 0.03075751791050008), (25, 0.02826709960706614), (93, 0.02661755706473159), (58, 0.0265619398185224), (86, 0.025758411564592295), (38, 0.02350305309868543), (95, 0.022201979835593733), (96, 0.02162782319212429), (82, 0.02047834412821945), (92, 0.019325531786691077), (8, 0.017027283769568587), (57, 0.016595476611902648), (50, 0.013425170704810776), (59, 0.012080351521451793), (22, 0.011351002107150662)]
["'Hmig'"]: []
["'Hoffmann-Riem"]: [(86, 0.9573564600404173), (73, 0.03543687951658665)]
["'Hoffmann-Riem'"]: [(86, 0.9999831186180631)]
["'Hohmann-Dennhard"]: []
["'Hohmann-Dennhardt"]: [(53, 0.6138361353618978), (73, 0.3854719513502319)]
["'Hohmann-Dennhardt'"]: [(53, 0.733822703823202), (49, 0.20090350681797828), (58, 0.06526892505866143)]
["'Huber"]: [(58, 0.33838633694985404), (59, 0.2634450429559176), (88, 0.24443190111609983), (73, 0.0962971503113459), (45, 0.02467097608392037), (71, 0.022802403333488982)]
["'Huber'"]: [(52, 0.5595888522791844), (58, 0.20995197225904969), (86, 0.17208954092916645), (51, 0.038913652587191296), (91, 0.019451453755714974)]
["'Härtel"]: [(86, 0.29491296245694826), (35, 0.21616621334424824), (58, 0.17346682682656336), (46, 0.13504471945486238), (36, 0.07946031525470047), (73, 0.06853224047174382), (45, 0.022583208315863187)]
["'Hömig"]: [(46, 0.9995109836681546)]
["'Hömig'"]: [(32, 0.4731755467378401), (46, 0.3279757933910088), (52, 0.17602911626384715), (92, 0.02265635184436732)]
["'Höpker-Aschoff'"]: [(47, 0.9654629193814436)]
["'Jaeger"]: [(7, 0.44057145565831596), (66, 0.35079832183568016), (40, 0.19983611640250684)]
["'Jaeger'"]: [(93, 0.9960244839208734)]
["'Jentsch"]: [(59, 0.9996198777707372)]
["'Jentsch'"]: [(49, 0.8907180364577284), (46, 0.10927087484044812)]
["'Jentsch;'"]: []
["'Jäger'"]: [(60, 0.21447300580234563), (4, 0.19400385492945546), (76, 0.17254155804200313), (95, 0.1529711182824474), (92, 0.10238234266366615), (86, 0.06411292820272144), (74, 0.05892458180713948), (47, 0.033132612138652484)]
["'Katz'"]: [(8, 0.9390341036081761)]
["'Katzenstein"]: [(52, 0.4971273855502128), (98, 0.39758776560584125), (97, 0.08979073372421399)]
["'Katzenstein'"]: [(58, 0.10755367432571594), (94, 0.10620108093386907), (2, 0.1009925809162581), (81, 0.08189113366446256), (76, 0.06641849184826688), (16, 0.04325731376893939), (95, 0.04217039785718933), (60, 0.040292274369465496), (8, 0.031356012692435355), (50, 0.03131218049190361), (99, 0.030710689395377817), (26, 0.03057843638566893), (92, 0.03015225675376568), (9, 0.02764776241837402), (93, 0.025966514769519906), (1, 0.022677281764244984), (0, 0.019863130251886837), (46, 0.017724886191468104), (73, 0.016080639780847485), (66, 0.015870566279757595), (84, 0.015363629839512167), (56, 0.015137874095637945), (4, 0.013681247823120116), (33, 0.012069769442777826), (82, 0.011968848803328032)]
["'Kessal-Wulf"]: [(49, 0.7445597345798851), (59, 0.13747110095075574), (88, 0.11263193655585674)]
["'Kessal-Wulf'"]: [(49, 0.5242891268271997), (73, 0.16884016434966506), (53, 0.15809529008305223), (22, 0.08749458705947649), (59, 0.061276170472633805)]
["'Kessal-Wulff"]: [(88, 0.9404171776809074), (58, 0.017431214023652726)]
["'Kessal-Wulff'"]: [(35, 0.6231754734746562), (56, 0.042614605173140634), (32, 0.024589210467899348)]
["'Khling'"]: []
["'Kirchhof"]: [(22, 0.8115724338165053), (86, 0.1883839220328043)]
["'Kirchhof'"]: [(58, 0.9999950777976606)]
["'Klaas'"]: [(98, 0.9426465927502113)]
["'Klein'"]: [(59, 0.5163214243619136), (93, 0.4294844689715648), (52, 0.05414840996216479)]
["'Kruis"]: [(86, 0.29716749872757914), (68, 0.25970024572167977), (92, 0.2409188718790643), (59, 0.20165084972690428)]
["'Kruis'"]: [(49, 0.9999607934677679)]
["'König"]: [(73, 0.4679768888422215), (92, 0.20022708488288307), (46, 0.124983256299089), (33, 0.10661326670916928), (14, 0.057460510463762195), (58, 0.031206147000404402), (45, 0.011509313285247035)]
["'König'"]: [(58, 0.756947098999301), (65, 0.12562011624869057), (14, 0.06383766923015871), (33, 0.029378054626493462), (93, 0.018369507151211415)]
["'Kühling"]: [(55, 0.9994610506298027)]
["'Kühling'"]: [(22, 0.9999893481156128)]
["'Landau"]: [(73, 0.6369646396034409), (59, 0.3626499256483324)]
["'Landau'"]: [(58, 0.7648109190185824), (46, 0.15882690983929776), (49, 0.040979013649591695), (35, 0.0348777583827616)]
["'Langenfeld"]: [(73, 0.6706566210323293), (46, 0.1398651559756857), (52, 0.05810243237761665), (88, 0.045283871213357224), (58, 0.0380314578913364), (51, 0.021595833457129114), (32, 0.017294291593105582)]
["'Langenfeld'"]: [(44, 0.8398992397290614), (35, 0.11441237067189396), (46, 0.042068374129643545)]
["'Lehmann"]: [(80, 0.30162218571184346), (84, 0.2424214603179054), (98, 0.22845901895718596), (8, 0.1049638164580008), (86, 0.06675066373819678), (44, 0.046975311358175065)]
["'Lehmann'"]: [(85, 0.9654627328636615)]
["'Leuser'"]: [(77, 0.9397359331297486)]
["'Limbach'"]: [(58, 0.9999702210422108)]
["'Lübbe-Woff"]: [(51, 0.23153041300869862), (1, 0.04506734078106244)]
["'Lübbe-Woff'"]: [(98, 0.013135387243918491), (20, 0.012544063706369969), (45, 0.012134986733453161), (13, 0.01180325272469165), (27, 0.011611772765732751), (53, 0.011584476803864862), (93, 0.011366728186036814), (66, 0.011308749043151043), (51, 0.011287000343684378), (1, 0.011281624668702396), (88, 0.011259942096988475), (28, 0.011233718556496006), (18, 0.011111135387110966), (44, 0.011075349603135975), (82, 0.011034268183781162), (25, 0.01102071093142205), (7, 0.010969253612562738), (54, 0.010948959776110205), (34, 0.010943312572523735), (8, 0.010900834020471846), (77, 0.01086514279529575), (22, 0.010829432210192886), (63, 0.010824098286716712), (24, 0.01080714383080785), (47, 0.010716812439202306), (14, 0.01070020628768166), (9, 0.010656864432410759), (96, 0.01065279762713868), (83, 0.010633883213152064), (61, 0.010587226337071888), (55, 0.010525177540266217), (31, 0.010513809068752055), (69, 0.010431873478141757), (32, 0.010371269158436327), (52, 0.010296337077291336), (40, 0.010286470672890994), (67, 0.010276169270548982), (48, 0.010234153648478787), (68, 0.010224250801571542), (86, 0.01022053625590799), (97, 0.01021954118821984), (84, 0.010215737559260184), (39, 0.010192818332182524), (17, 0.010172455664452257), (11, 0.010092875876897875), (6, 0.010039782240494214)]
["'Lübbe-Wolff"]: [(73, 0.7966661276087417), (46, 0.15990212702670648), (98, 0.026969111903474452), (58, 0.01644230986031264)]
["'Lübbe-Wolff'"]: [(36, 0.8000684823554413), (14, 0.09736375500712831), (46, 0.0636146409375711), (53, 0.03894726442928872)]
["'Mahrenholz'"]: [(58, 0.8264064149345647), (49, 0.09005100158785038), (22, 0.08330418133158099)]
["'Maidowski"]: [(73, 0.7731170498643133), (86, 0.15512468552773068), (46, 0.06918438496003791)]
["'Maidowski'"]: [(86, 0.529904680206057), (59, 0.1906789758931966), (49, 0.1399508720582058), (36, 0.1394479169108288)]
["'Masing"]: [(86, 0.6392601120837501), (32, 0.24725997380718265), (73, 0.05075608439900428), (30, 0.02542631102816852), (60, 0.018157516801873382), (51, 0.014814984223545423)]
["'Masing'"]: [(86, 0.628203852775929), (52, 0.2058014138038037), (98, 0.041802993698979295), (14, 0.032121172277969214), (45, 0.03130188886460134), (49, 0.023833684445005755), (51, 0.020117938069599772), (82, 0.011049177452834647)]
["'Mellinghoff"]: [(58, 0.8741483317153139), (73, 0.10293811509399321), (92, 0.02290849515443517)]
["'Mellinghoff'"]: [(58, 0.6187071133181432), (35, 0.3518079039398579), (22, 0.02947819230211227)]
["'Mitwirkung'"]: [(91, 0.028884288931435728), (73, 0.012841871102121429), (32, 0.01230634977757912), (19, 0.012068092422000912), (80, 0.011665647830234733), (4, 0.011631513911960262), (26, 0.011355982989053952), (7, 0.011154965879593103), (42, 0.011152775331072567), (66, 0.011114319406680834), (22, 0.01111123430977872), (63, 0.011092864675070932), (72, 0.01106917574283922), (2, 0.010980860300684873), (51, 0.010970524863628497), (48, 0.010882182776338727), (56, 0.010871808279420166), (59, 0.010838265885157176), (86, 0.010821160809381962), (17, 0.010814526913938445), (15, 0.010772844528823022), (41, 0.010772239137978612), (39, 0.010711460118355057), (65, 0.01067539342002493), (71, 0.010640778887517442), (13, 0.010584470166494117), (50, 0.010569220454018067), (44, 0.01049003552818276), (57, 0.010483918776739733), (92, 0.010481148445450733), (38, 0.010413653347703966), (10, 0.01040751051410541), (20, 0.010396166036934214), (27, 0.010394886932444206), (74, 0.010249876077081875), (37, 0.010194845010575186), (35, 0.010188815968874755), (1, 0.010177018077434504), (28, 0.01016691716779251), (68, 0.01012228998517799), (79, 0.010119981639424907), (90, 0.010111734872356799), (88, 0.010099855493499486), (25, 0.010099211536488888), (64, 0.010030842832900221)]
["'Müller"]: [(88, 0.6280478003027885), (58, 0.24415443131916176), (59, 0.06821298436996814), (86, 0.04147114760212543), (46, 0.01322621602912182)]
["'Müller'"]: [(88, 0.4215567250596366), (49, 0.29705214171567673), (59, 0.18440286760594873), (35, 0.07675681356231391), (45, 0.020224810707180848)]
["'Niebler'"]: [(83, 0.0980802664640165), (97, 0.08846042117242958), (22, 0.08567445094768976), (49, 0.0625536134754043), (39, 0.06009263620933976), (14, 0.055516607246114597), (79, 0.054321481074546256), (72, 0.04569306424318389), (78, 0.039622154840529215), (58, 0.03724269715588416), (10, 0.03380554553316654), (41, 0.031821769072926685), (34, 0.03145270591567782), (65, 0.03041079885753225), (9, 0.024833135013564784), (16, 0.023639293947686758), (53, 0.023420934783595665), (8, 0.019420018546068837), (47, 0.01795195137037283), (96, 0.01640334585420835), (99, 0.01280544434639988), (46, 0.011056077955541907), (50, 0.010743808588867625)]
["'Niedermaier"]: [(95, 0.13445651881625723), (0, 0.08572772167208353), (2, 0.0840455326177777), (58, 0.0774413567307525), (63, 0.060618629429271466), (92, 0.04941325207952946), (7, 0.04103975378091429), (53, 0.039477967552717874), (26, 0.03746413186825048), (81, 0.036286949000282884), (82, 0.033972977178797124), (9, 0.028071343048060606), (21, 0.027501952214806436), (76, 0.02517625711878682), (80, 0.024714358579421596), (64, 0.01996461464605555), (55, 0.017789463865043827), (86, 0.017473079803678054), (43, 0.01730090133145212), (51, 0.01675003872882123), (57, 0.01669376423153205), (74, 0.01360244177725697), (19, 0.013299477920140105), (40, 0.010665901770006305), (18, 0.010076143520540417)]
["'Niemeyer'"]: [(18, 0.10318994638504855), (94, 0.0795623601603651), (23, 0.07645453938484553), (8, 0.06384093980387005), (59, 0.05583725734939847), (68, 0.051925571881331706), (81, 0.04929291123406037), (7, 0.04412400948707271), (20, 0.04162342870683757), (26, 0.04074998309866894), (28, 0.03975606034255134), (95, 0.0385590643731563), (63, 0.03847138075036544), (99, 0.035265003209479465), (0, 0.03058648923076355), (80, 0.025256800708536788), (60, 0.025148444758966968), (9, 0.02287777217294274), (1, 0.022412300187887035), (31, 0.020507495125275572), (75, 0.020351824857125327), (65, 0.013742481428674843), (88, 0.01271548453350108), (55, 0.010951531718875454)]
["'Osterloh"]: [(22, 0.9998940425804294)]
["'Osterloh'"]: [(88, 0.5831395214014714), (35, 0.26734798070734), (36, 0.0578971176428166), (52, 0.04616328173884538), (46, 0.04544232833066574)]
["'Ott"]: [(86, 0.33671117588350985), (35, 0.20526187740619883), (73, 0.19112998090505098), (59, 0.06766407297439174), (48, 0.040947018203063804), (84, 0.04007426938809809), (32, 0.03558145190933046), (14, 0.0268277729454273), (88, 0.02652335551735426), (67, 0.014362059943623903)]
["'Ott'"]: [(35, 0.3426605039584529), (52, 0.248340864423987), (32, 0.19610883712476274), (93, 0.15178414312435864), (51, 0.02618428031019719), (56, 0.024217912789534373)]
["'Papier'"]: [(46, 0.4407224416062301), (59, 0.3094311016540925), (32, 0.24961337479751602)]
["'Paulus"]: [(86, 0.33745243258241153), (46, 0.33556949778773065), (59, 0.15795746837040697), (90, 0.07444143556842789), (92, 0.04317719309087869), (88, 0.020673618396147998), (22, 0.018437390052256763), (32, 0.01225223317601455)]
["'Paulus'"]: [(86, 0.2991708709732893), (52, 0.27837148606645584), (49, 0.18282074090838088), (53, 0.14264938304378108), (93, 0.05284164777170267), (59, 0.044139009329777934)]
["'Radtke"]: [(73, 0.5903126349325567), (53, 0.18872106494366633), (58, 0.0864238929196494), (46, 0.06222064182349773), (59, 0.033897827523788254), (62, 0.02119350915670932), (49, 0.010330540031366691)]
["'Radtke'"]: [(49, 0.1742850235811919), (36, 0.1694866955932107), (94, 0.11238016367576753), (44, 0.08245716041634979), (85, 0.04275337453316357), (0, 0.04057954586969553), (14, 0.03509135488977564), (16, 0.034750086119798504), (76, 0.030322014842193823), (33, 0.02896807200337387), (65, 0.026359714345964), (99, 0.02352869477530903), (3, 0.022663789517796795), (88, 0.019462782491499128), (27, 0.017962859438567926), (91, 0.013551170956317672), (21, 0.012887243103279131), (39, 0.011207468202379842), (41, 0.010945975771172923), (17, 0.010422395439437302)]
["'Rinck'"]: [(49, 0.12358872255670321), (97, 0.09970357828986193), (22, 0.0948571806528588), (28, 0.0869770327936437), (65, 0.06861820423374522), (91, 0.040293981250243506), (77, 0.03735315886894775), (60, 0.03640969349350542), (34, 0.03634636229162133), (78, 0.03584444861955791), (14, 0.035542475440203745), (10, 0.030767271154584438), (8, 0.030620488520753414), (58, 0.0266214594570791), (83, 0.019669949814698395), (50, 0.01948218764289652), (12, 0.017882494086194523), (79, 0.017869682342023695), (59, 0.01720596810386581), (36, 0.014074505700439645), (23, 0.013976292366998294), (96, 0.013145925165197378), (70, 0.0119295900452945), (35, 0.01002867102016656)]
["'Ritterspach"]: [(75, 0.19205189723449761), (28, 0.1439772572383006), (49, 0.10210440363539912), (73, 0.09347203895189307), (24, 0.08528463125838134), (34, 0.07124690303899857), (10, 0.06490355464715875), (22, 0.06206132177397665), (94, 0.05785394819118493), (20, 0.044936857831805815), (59, 0.03500441019341224), (25, 0.012173090537610474), (52, 0.011836425834225022), (32, 0.010655526978099043)]
["'Ritterspach'"]: [(14, 0.9969180920259473)]
["'Roediger'"]: [(15, 0.9408827992777169)]
["'Rottmann"]: [(22, 0.1568354425510222), (49, 0.0748383238910805), (75, 0.07483363317735871), (65, 0.07450968427362419), (14, 0.07428555757052586), (79, 0.06314357435708205), (58, 0.04368814879142266), (34, 0.0405624867214615), (12, 0.03911724378876845), (8, 0.037164978905174825), (41, 0.033543140147075004), (91, 0.03072326013893997), (53, 0.025086026966406667), (86, 0.024143510633684903), (97, 0.021004140994214493), (44, 0.020179608930644348), (28, 0.017793647045444616), (83, 0.01609064512699541), (78, 0.01606774878832132), (80, 0.016022288402960435), (25, 0.014782618024835237), (2, 0.014399042051642837), (23, 0.012391419155756752), (39, 0.0100316568335302)]
["'Rottmann'"]: [(22, 0.09262267886878031), (34, 0.08511698415651724), (28, 0.07624626139282703), (97, 0.06607628360558469), (14, 0.06015519375945325), (65, 0.05824456825505234), (79, 0.049186944899109304), (10, 0.04649659395847746), (49, 0.0429629730548109), (77, 0.03784058635537223), (58, 0.03174302996343198), (83, 0.03156774679210404), (72, 0.031341179728640714), (86, 0.029885890225697608), (78, 0.024499906847763164), (75, 0.022714780629069654), (55, 0.020698143542801677), (7, 0.0204944146663752), (25, 0.01863877238043771), (60, 0.018549147218201865), (16, 0.0171935233289105), (43, 0.017114014545753484), (24, 0.01647312547929175), (23, 0.012464800636149763), (66, 0.011227541752672102), (3, 0.010978160807760299), (41, 0.01072395336400356), (39, 0.010636922901680003)]
["'Rupp'"]: [(35, 0.939252367666486)]
["'Scheffler'"]: [(78, 0.5537676192790423), (68, 0.4450221044260163)]
["'Schluckebier"]: [(52, 0.46351619770826713), (88, 0.2268457583413802), (32, 0.1107050256574978), (59, 0.07890006917331172), (93, 0.047654707387769606), (22, 0.03955516047211313), (49, 0.03281825080071844)]
["'Schluckebier'"]: [(93, 0.9177433950002956), (52, 0.08225403503709017)]
["'Scholtissek'"]: [(75, 0.8402709729166825), (56, 0.08935420452122145), (47, 0.06916023216297174)]
["'Seibert"]: [(49, 0.9678303790721946), (35, 0.0319720125886733)]
["'Seibert'"]: [(20, 0.9975316366958733)]
["'Seidl"]: [(43, 0.9995556978557892)]
["'Seidl'"]: [(49, 0.9999538107956267)]
["'Simon'"]: [(58, 0.5833599473646184), (40, 0.18896582034598566), (55, 0.0732945018340962), (73, 0.06630325749653428), (97, 0.0531095315109865), (85, 0.03427627886117941)]
["'Sommer"]: [(52, 0.998621991960689)]
["'Sommer'"]: [(59, 0.9989167078867345)]
["'Stein'"]: []
["'Steinberger'"]: [(14, 0.1062575947938573), (65, 0.08853882232661735), (22, 0.07352094519627946), (72, 0.06541340911382251), (83, 0.05534015261131887), (97, 0.05299968950458639), (86, 0.04903892895191569), (34, 0.04393648009440386), (75, 0.03664263862452496), (5, 0.02536036299421628), (8, 0.0244012652846105), (46, 0.02295403092469114), (60, 0.020315207135427896), (77, 0.0197864959456175), (53, 0.019276759368061284), (62, 0.018735112624153935), (28, 0.01844974754072096), (44, 0.017720719717559827), (39, 0.0171710148554803), (47, 0.0153427288128568), (24, 0.01400232525174716), (23, 0.013815191744006632), (70, 0.013649565713247684), (58, 0.012968480454377115), (57, 0.012044670790445034), (2, 0.012039559112016898), (10, 0.011843161398545155), (59, 0.010951586325961764), (80, 0.010418943388387314)]
["'Steiner"]: [(32, 0.9999349498058151)]
["'Steiner'"]: [(35, 0.926333303390578), (22, 0.07366352123141388)]
["'Söllner'"]: [(49, 0.8001350958495209), (35, 0.1998321785428211)]
["'Träger'"]: [(22, 0.1263232903060904), (58, 0.0736729096953254), (75, 0.06708158343066441), (65, 0.05453649568786943), (86, 0.05379800757677038), (34, 0.04957645457911956), (28, 0.04623910015877471), (10, 0.03930307444760469), (91, 0.03524095701630073), (8, 0.03351064641547573), (14, 0.02930657396347163), (97, 0.02755451340612587), (25, 0.027151908136249844), (77, 0.026680239288945376), (2, 0.025487131677128363), (71, 0.02097579182041069), (49, 0.01946452571094435), (9, 0.016609390413958085), (24, 0.016310968198851025), (99, 0.015648535422363836), (83, 0.015194456911950146), (95, 0.015066819864669227), (3, 0.014992626360653207), (70, 0.013130323914718408), (16, 0.012887214723522746), (62, 0.012522123902157989), (13, 0.01091772061299171), (64, 0.010702240717564603), (1, 0.010570922187320572), (79, 0.010316702981618789)]
["'Vosskuhle'"]: [(59, 0.5213015117119921)]
["'Voßkuhle'"]: [(36, 0.3866212335910776), (22, 0.22879694450509705), (93, 0.11665930282339293), (32, 0.0864903447881499), (92, 0.0644443466327557), (20, 0.06044706901902957), (53, 0.056514901824058494)]
["'Wallrabensein"]: [(36, 0.4824968915395921), (65, 0.043476107933275825), (44, 0.03460015722348619), (23, 0.016530117315437468)]
["'Wallrabenstein"]: [(32, 0.23699511004662774), (88, 0.2052360181925955), (36, 0.16837182632502024), (44, 0.15092587282329623), (65, 0.09196168876982502), (14, 0.06541529397651734), (3, 0.041717806329972906), (56, 0.026884807208045734), (5, 0.012471005545856994)]
["'Wallrabenstein'"]: [(44, 0.22089411438729206), (14, 0.18908129461763623), (86, 0.13269209385378447), (65, 0.07728043251210799), (52, 0.01898238368771462), (91, 0.010902345769862825), (1, 0.01089588358107227), (60, 0.010466330651691566), (99, 0.010281325498607406)]
["'Wand'"]: [(22, 0.11827401797462503), (65, 0.08285973435621755), (16, 0.07968623863325136), (34, 0.07310184744268473), (49, 0.06250671317403088), (97, 0.061636502388764496), (39, 0.05248397552244362), (72, 0.04282318445227265), (14, 0.038979119435869944), (58, 0.03324164531970652), (62, 0.0327729907164713), (28, 0.0283590056788724), (77, 0.02663138081043185), (21, 0.025719199978035526), (79, 0.01900937464062402), (86, 0.018625741982672958), (7, 0.017572855508353632), (23, 0.016952082733726594), (71, 0.015719317707528074), (6, 0.015629540638422697), (85, 0.014569328282301872), (91, 0.010895566473918511)]
["'Wessel'"]: [(66, 0.5609488463993932), (7, 0.43599000807551047)]
["'Winter"]: [(92, 0.9998472630792773)]
["'Winter'"]: [(36, 0.9999231098027869)]
["'Wintrich'"]: [(63, 0.689349416814375), (34, 0.16436203234713126), (49, 0.08519856413811985), (90, 0.034654737355773915)]
["'Wolff'"]: [(83, 0.6963184221607007), (39, 0.24273417229592795)]
["'Zeidler'"]: [(97, 0.062211907687423865), (58, 0.0600338664998824), (2, 0.0567676712657063), (10, 0.05141408972653597), (65, 0.05105040564959974), (39, 0.04613974448361749), (22, 0.04347844466309519), (50, 0.03981522736864814), (70, 0.034320270065430696), (83, 0.033483390017190674), (86, 0.03218278611704096), (34, 0.03206357852485634), (78, 0.03186245905606592), (53, 0.027769542046301804), (99, 0.025603074532151635), (75, 0.02483010025295278), (79, 0.024388788421739197), (6, 0.02331545534875639), (77, 0.022493178546701454), (49, 0.0222776520084578), (62, 0.02169629475711734), (95, 0.021621389040299654), (5, 0.018325316699861937), (23, 0.018125058418385114), (9, 0.01768659743893039), (80, 0.01724613505180485), (12, 0.014136046504655083), (8, 0.013904956617458298), (56, 0.01377100745570905), (13, 0.012348738089607996), (59, 0.011415475365168638), (57, 0.011278789500074887), (37, 0.010392834384777344)]
["'Zweigert"]: [(28, 0.9646270014274475)]
["'gerichts'"]: [(86, 0.5055827896405668), (73, 0.07595504777991197)]
["'unter'"]: [(91, 0.027962926427944654), (98, 0.012821069648502091), (50, 0.012297955678012902), (67, 0.01218388367347687), (56, 0.011841682474150884), (84, 0.011775683690311062), (39, 0.011701621820716603), (73, 0.011604339570966005), (20, 0.011478296038200008), (22, 0.011442815308691914), (46, 0.011407516701567593), (71, 0.011314486434754065), (99, 0.01130948869563076), (31, 0.011125583698082208), (43, 0.010986474419823868), (26, 0.010775961729113343), (90, 0.010761057375955846), (61, 0.010689265075462195), (55, 0.01067806876244956), (33, 0.010652930334375494), (8, 0.010647511451948326), (62, 0.010637773720761221), (10, 0.010568096622580434), (82, 0.010477798851403989), (36, 0.01044803257236556), (85, 0.010432454392222786), (92, 0.010431066586592494), (53, 0.010379652724679509), (40, 0.010346288229118277), (74, 0.010296631321209363), (78, 0.010275394357286239), (87, 0.010229073361040713), (17, 0.01021331174287994), (59, 0.010109700148561749), (4, 0.0100948744807798), (23, 0.010048537000854375), (15, 0.010036527540386036), (25, 0.010034643110137211), (57, 0.01001089274660894)]
['']: [(49, 0.391657271146708), (58, 0.13649032667964783), (88, 0.1267990237010039), (35, 0.11072408094180079), (1, 0.10247472114303655), (93, 0.06858651359295927), (92, 0.05202218713383316)]
